1000,595.7,255.3,1.0,1,0,1
5000,596.0,255.1,1.0,1,1,1
9000,596.3,254.8,1.0,1,1,1
13000,596.3,254.6,1.0,1,1,1
17000,596.4,254.5,1.0,1,1,1
21000,596.3,254.5,1.0,1,1,1
25000,596.2,254.5,1.0,1,1,1
29000,596.0,254.4,1.0,1,1,1
33000,595.6,254.3,1.0,1,1,1
37000,595.4,254.1,1.0,1,1,1
41000,595.7,254.2,1.0,1,1,1
42000,595.8,254.4,1.0,1,1,1
43000,595.8,254.5,1.0,1,1,1
44000,595.8,254.6,1.0,1,1,1
48000,595.7,254.6,1.0,1,1,1
52000,595.4,254.2,1.0,1,1,1
66000,595.5,253.9,1.0,1,1,1
70000,595.7,254.3,1.0,1,1,1
74000,595.7,254.7,1.0,1,1,1
78000,595.7,254.9,1.0,1,1,1
82000,596.0,255.1,1.0,1,1,1
86000,596.2,255.2,1.0,1,1,1
101000,596.6,255.3,1.0,1,1,1
105000,596.8,255.8,1.0,1,1,1
109000,597.0,256.1,1.0,1,1,1
113000,597.1,256.3,1.0,1,1,1
117000,597.1,256.1,1.0,1,1,1
121000,597.1,255.9,1.0,1,1,1
125000,596.9,255.8,1.0,1,1,1
129000,596.9,255.6,1.0,1,1,1
136000,596.8,255.9,1.0,1,1,1
140000,596.8,256.3,1.0,1,1,1
144000,596.0,257.1,1.0,1,1,1
148000,595.6,258.0,1.0,1,1,1
152000,595.2,258.7,1.0,1,1,1
156000,594.7,259.4,1.0,1,1,1
167000,594.6,259.5,1.0,1,1,1
171000,594.7,259.5,1.0,1,1,1
175000,594.8,259.5,1.0,1,1,1
179000,595.0,259.5,1.0,1,1,1
183000,595.1,258.6,1.0,1,1,1
187000,595.3,258.8,1.0,1,1,1
191000,595.5,258.9,1.0,1,1,1
203000,595.7,258.9,1.0,1,1,1
207000,595.8,259.0,1.0,1,1,1
211000,595.8,259.2,1.0,1,1,1
215000,596.3,259.4,1.0,1,1,1
219000,596.8,260.1,1.0,1,1,1
223000,597.2,259.6,1.0,1,1,1
227000,597.5,259.8,1.0,1,1,1
231000,597.8,259.9,1.0,1,1,1
235000,597.6,260.0,1.0,1,1,1
239000,597.3,260.1,1.0,1,1,1
243000,597.1,261.2,1.0,1,1,1
247000,596.9,262.4,1.0,1,1,1
251000,596.7,262.8,1.0,1,1,1
255000,596.5,262.5,1.0,1,1,1
259000,596.3,262.6,1.0,1,1,1
263000,596.3,262.2,1.0,1,1,1
267000,596.2,262.1,1.0,1,1,1
271000,596.4,261.9,1.0,1,1,1
275000,596.3,261.5,1.0,1,1,1
279000,596.5,261.1,1.0,1,1,1
283000,596.7,261.1,1.0,1,1,1
287000,596.8,261.1,1.0,1,1,1
291000,596.8,261.1,1.0,1,1,1
295000,596.9,261.0,1.0,1,1,1
299000,597.0,261.1,1.0,1,1,1
303000,597.0,261.0,1.0,1,1,1
307000,596.9,260.8,1.0,1,1,1
311000,596.8,260.7,1.0,1,1,1
312000,596.8,260.5,1.0,1,1,1
313000,596.8,260.2,1.0,1,1,1
314000,597.1,260.1,1.0,1,1,1
315000,597.3,260.1,1.0,1,1,1
316000,597.1,259.8,1.0,1,1,1
317000,597.6,259.5,1.0,1,1,1
318000,597.7,258.3,1.0,1,1,1
319000,597.6,257.9,1.0,1,1,1
320000,597.5,257.4,1.0,1,1,1
321000,597.3,256.2,1.0,1,1,1
322000,597.2,255.1,1.0,1,1,1
323000,597.3,254.5,1.0,1,1,1
324000,597.3,254.2,1.0,1,1,1
325000,597.6,254.0,1.0,1,1,1
326000,597.8,253.1,1.0,1,1,1
327000,597.7,252.2,1.0,1,1,1
328000,597.7,252.5,1.0,1,1,1
329000,597.2,252.7,1.0,1,1,1
330000,597.3,252.5,1.0,1,1,1
331000,597.5,252.3,1.0,1,1,1
332000,597.7,252.1,1.0,1,1,1
333000,597.8,252.1,1.0,1,1,1
335000,597.8,252.0,1.0,1,1,1
339000,597.7,251.8,1.0,1,1,1
343000,597.7,251.6,1.0,1,1,1
347000,597.6,251.1,1.0,1,1,1
351000,598.1,251.0,1.0,1,1,1
355000,598.6,251.0,1.0,1,1,1
359000,598.3,250.6,1.0,1,1,1
370000,598.8,251.0,1.0,1,1,1
374000,599.0,251.1,1.0,1,1,1
378000,598.9,251.2,1.0,1,1,1
382000,598.8,251.3,1.0,1,1,1
386000,598.8,251.3,1.0,1,1,1
390000,598.9,251.3,1.0,1,1,1
394000,599.5,251.2,1.0,1,1,1
403000,599.6,251.2,1.0,1,1,1
407000,599.7,250.6,1.0,1,1,1
411000,599.4,249.9,1.0,1,1,1
415000,599.4,249.8,1.0,1,1,1
419000,599.5,249.7,1.0,1,1,1
423000,599.9,249.8,1.0,1,1,1
427000,600.0,249.5,1.0,1,1,1
431000,600.2,249.2,1.0,1,1,1
435000,600.4,249.3,1.0,1,1,1
439000,601.1,249.4,1.0,1,1,1
440000,602.0,249.7,1.0,1,1,1
441000,603.8,253.7,1.0,2,2,2
443000,615.4,274.2,1.0,2,2,2
447000,646.8,296.6,1.0,2,2,2
451000,679.5,330.4,1.0,2,2,2
455000,679.5,347.6,1.0,2,2,2
469000,679.3,355.3,1.0,2,2,2
473000,673.6,347.9,1.0,2,2,2
477000,671.8,340.7,1.0,2,2,2
481000,671.2,332.8,1.0,2,2,2
485000,673.1,331.1,1.0,2,2,2
489000,675.2,338.1,1.0,2,2,2
502000,680.4,345.2,1.0,2,2,2
506000,683.5,355.5,1.0,2,2,2
510000,684.9,359.9,1.0,2,2,2
514000,685.5,362.5,1.0,2,2,2
518000,684.2,363.9,1.0,2,2,2
522000,682.8,363.9,1.0,2,2,2
526000,682.0,363.9,1.0,1,1,1
534000,681.2,363.8,1.0,1,1,1
538000,681.0,363.7,1.0,1,1,1
542000,680.7,362.6,1.0,1,1,1
546000,680.9,362.3,1.0,1,1,1
550000,681.1,361.9,1.0,1,1,1
554000,681.0,361.6,1.0,1,1,1
567000,680.9,361.7,1.0,1,1,1
571000,681.0,361.3,1.0,1,1,1
575000,681.1,360.8,1.0,1,1,1
579000,681.7,360.9,1.0,1,1,1
583000,681.4,361.0,1.0,1,1,1
587000,681.2,361.6,1.0,1,1,1
591000,680.9,361.3,1.0,1,1,1
601000,680.8,361.0,1.0,1,1,1
605000,680.8,361.1,1.0,1,1,1
609000,680.3,360.6,1.0,1,1,1
613000,680.2,360.2,1.0,1,1,1
617000,680.3,359.3,1.0,1,1,1
621000,680.4,359.5,1.0,1,1,1
625000,680.5,359.4,1.0,1,1,1
629000,680.6,359.3,1.0,1,1,1
633000,680.6,359.3,1.0,1,1,1
637000,680.7,359.4,1.0,1,1,1
638000,680.9,359.5,1.0,1,1,1
639000,681.0,360.0,1.0,1,1,1
643000,681.1,360.2,1.0,1,1,1
647000,681.2,360.4,1.0,1,1,1
651000,682.1,360.6,1.0,1,1,1
667000,682.1,360.6,1.0,1,1,1
671000,682.3,360.6,1.0,1,1,1
675000,682.6,360.7,1.0,1,1,1
679000,682.8,360.7,1.0,1,1,1
683000,683.0,360.7,1.0,1,1,1
687000,683.0,361.2,1.0,1,1,1
702000,682.9,360.8,1.0,1,1,1
706000,683.1,361.0,1.0,1,1,1
710000,683.3,361.2,1.0,1,1,1
714000,683.0,361.2,1.0,1,1,1
718000,683.3,361.1,1.0,1,1,1
722000,683.6,361.0,1.0,1,1,1
726000,683.6,361.2,1.0,1,1,1
735000,683.6,361.5,1.0,1,1,1
739000,683.7,361.4,1.0,1,1,1
743000,683.7,361.7,1.0,1,1,1
747000,683.7,361.7,1.0,1,1,1
751000,683.2,361.8,1.0,1,1,1
755000,682.7,361.8,1.0,1,1,1
768000,681.6,361.8,1.0,1,1,1
772000,681.5,361.3,1.0,1,1,1
776000,681.4,360.6,1.0,1,1,1
780000,681.2,361.3,1.0,1,1,1
784000,681.0,362.0,1.0,1,1,1
788000,680.9,362.1,1.0,1,1,1
800000,680.5,362.1,1.0,1,1,1
804000,680.2,362.0,1.0,1,1,1
808000,680.0,362.0,1.0,1,1,1
812000,680.0,362.1,1.0,1,1,1
816000,680.1,362.2,1.0,1,1,1
820000,679.7,362.1,1.0,1,1,1
824000,679.3,362.2,1.0,1,1,1
828000,679.3,362.3,1.0,1,1,1
832000,679.3,362.3,1.0,1,1,1
836000,679.0,362.2,1.0,1,1,1
837000,679.1,362.1,1.0,1,1,1
839000,679.0,362.0,1.0,1,1,1
843000,678.8,362.0,1.0,1,1,1
847000,679.0,362.0,1.0,1,1,1
851000,679.1,362.8,1.0,1,1,1
855000,679.1,362.8,1.0,1,1,1
870000,679.0,362.8,1.0,1,1,1
874000,678.9,362.8,1.0,1,1,1
878000,678.8,363.1,1.0,1,1,1
882000,678.8,363.0,1.0,1,1,1
886000,678.7,363.4,1.0,1,2,1
900000,678.6,363.8,1.0,1,2,1
904000,678.4,364.1,1.0,1,2,1
908000,678.0,364.4,1.0,1,2,1
912000,664.2,369.5,1.0,2,2,2
916000,629.2,370.9,1.0,2,2,2
920000,577.3,370.0,1.0,2,2,2
924000,523.3,368.4,1.0,2,2,2
934000,489.6,369.7,1.0,2,2,2
938000,477.7,372.2,1.0,2,2,2
942000,463.4,370.6,1.0,2,2,2
946000,457.9,369.5,1.0,2,2,2
950000,455.7,368.6,1.0,2,2,2
954000,456.9,368.5,1.0,2,2,2
958000,454.9,369.9,1.0,1,2,1
970000,452.9,371.4,1.0,1,2,1
974000,447.8,372.8,1.0,1,2,1
978000,433.8,375.0,1.0,1,1,1
982000,433.1,375.5,1.0,1,1,1
986000,433.0,376.1,1.0,1,1,1
990000,433.5,377.6,1.0,1,1,1
1002000,434.0,379.1,1.0,1,1,1
1006000,435.3,380.1,1.0,1,1,1
1010000,436.5,380.1,1.0,1,1,1
1014000,436.8,380.1,1.0,1,1,1
1018000,437.1,380.2,1.0,1,1,1
1022000,437.3,380.2,1.0,1,1,1
1026000,437.3,380.4,1.0,1,1,1
1030000,437.2,380.5,1.0,1,1,1
1034000,436.6,380.6,1.0,1,1,1
1038000,436.1,380.6,1.0,1,1,1
1039000,435.8,381.1,1.0,1,1,1
1040000,435.4,381.6,1.0,1,1,1
1044000,435.1,381.7,1.0,1,1,1
1048000,434.9,381.7,1.0,1,1,1
1052000,434.7,381.4,1.0,1,1,1
1067000,434.5,381.4,1.0,1,1,1
1071000,434.2,381.5,1.0,1,1,1
1075000,434.7,382.1,1.0,1,1,1
1079000,434.9,382.9,1.0,1,1,1
1083000,434.9,384.0,1.0,1,1,1
1087000,435.0,384.3,1.0,1,1,1
1103000,435.1,384.4,1.0,1,1,1
1107000,435.1,384.4,1.0,1,1,1
1111000,435.4,384.3,1.0,1,1,1
1115000,435.5,384.2,1.0,1,1,1
1119000,435.5,384.3,1.0,1,1,1
1123000,435.4,384.3,1.0,1,1,1
1127000,435.5,384.2,1.0,1,1,1
1135000,435.5,384.2,1.0,1,1,1
1139000,435.5,384.1,1.0,1,1,1
1143000,435.4,384.0,1.0,1,1,1
1147000,435.3,384.0,1.0,1,1,1
1151000,435.3,383.5,1.0,1,1,1
1155000,435.3,383.4,1.0,1,1,1
1167000,435.3,383.5,1.0,1,1,1
1171000,435.3,383.7,1.0,1,1,1
1175000,435.2,383.8,1.0,1,1,1
1179000,434.9,384.1,1.0,1,1,1
1183000,435.0,384.3,1.0,1,1,1
1187000,434.8,384.2,1.0,1,1,1
1191000,434.6,384.6,1.0,1,1,1
1195000,434.1,384.3,1.0,1,1,1
1204000,434.2,384.0,1.0,1,1,1
1208000,434.1,384.2,1.0,1,1,1
1212000,434.0,384.4,1.0,1,1,1
1216000,433.9,384.7,1.0,1,1,1
1220000,433.8,384.9,1.0,1,1,1
1224000,433.7,385.1,1.0,1,1,1
1228000,433.5,385.3,1.0,1,1,1
1232000,433.6,385.5,1.0,1,1,1
1236000,433.5,385.0,1.0,1,1,1
1237000,433.5,385.0,1.0,1,1,1
1241000,434.2,384.9,1.0,1,1,1
1245000,434.2,384.6,1.0,1,1,1
1249000,434.2,384.6,1.0,1,1,1
1253000,434.1,384.6,1.0,1,1,1
1257000,434.0,384.8,1.0,1,1,1
1261000,433.0,384.9,1.0,1,1,1
1268000,432.5,385.0,1.0,1,1,1
1272000,432.0,385.1,1.0,1,1,1
1276000,431.7,385.2,1.0,1,1,1
1280000,431.5,384.8,1.0,1,1,1
1284000,430.2,384.4,1.0,1,1,1
1288000,429.9,383.5,1.0,1,1,1
1292000,429.7,383.1,1.0,1,1,1
1296000,429.4,382.8,1.0,1,1,1
1301000,429.1,381.7,1.0,1,1,1
1305000,429.6,381.5,1.0,1,1,1
1309000,430.1,381.3,1.0,1,1,1
1313000,431.2,381.1,1.0,1,1,1
1317000,431.9,381.0,1.0,1,1,1
1321000,432.1,381.1,1.0,1,1,1
1325000,432.3,381.1,1.0,1,1,1
1329000,432.4,380.0,1.0,1,1,1
1333000,432.4,379.0,1.0,1,1,1
1336000,432.4,378.0,1.0,1,1,1
1340000,432.3,377.3,1.0,1,1,1
1344000,432.1,377.3,1.0,1,1,1
1348000,432.0,377.3,1.0,1,1,1
1352000,432.1,377.3,1.0,1,1,1
1356000,431.9,377.4,1.0,1,1,1
1360000,431.6,377.0,1.0,1,1,1
1364000,431.1,376.6,1.0,1,1,1
1369000,430.7,375.7,1.0,1,1,1
1373000,430.1,375.0,1.0,1,1,1
1377000,429.5,374.7,1.0,1,1,1
1381000,428.1,374.6,1.0,1,1,1
1385000,428.1,374.6,1.0,1,1,1
1389000,427.1,372.7,1.0,1,1,1
1393000,427.6,372.4,1.0,1,1,1
1397000,428.1,372.1,1.0,1,1,1
1401000,429.4,370.8,1.0,1,1,1
1404000,429.6,370.2,1.0,1,1,1
1408000,435.7,370.1,1.0,1,1,1
1412000,450.3,370.5,1.0,1,4,1
1416000,453.8,370.2,1.0,1,4,1
1420000,450.1,368.7,1.0,1,4,1
1424000,446.5,367.2,1.0,1,4,1
1428000,446.5,366.3,1.0,1,4,1
1432000,446.5,365.9,1.0,1,4,1
1436000,446.5,365.6,1.0,1,4,1
1440000,446.5,365.4,1.0,1,4,1
1444000,457.1,365.0,1.0,4,4,4
1448000,467.6,367.3,1.0,4,4,4
1452000,478.8,369.7,1.0,4,4,4
1456000,487.0,404.4,1.0,4,4,4
1460000,492.6,445.5,1.0,4,4,4
1464000,496.1,465.6,1.0,4,4,4
1468000,497.0,470.6,1.0,4,4,4
1472000,497.9,475.7,1.0,4,4,4
1476000,498.8,480.7,1.0,4,4,4
1480000,499.8,485.9,1.0,4,4,4
1484000,499.8,485.9,1.0,4,4,4
1488000,0.0,0.0,0.0,4,4,4
1492000,0.0,0.0,0.0,4,4,4
1496000,0.0,0.0,0.0,4,4,4
1500000,0.0,0.0,0.0,4,4,4
1504000,0.0,0.0,0.0,4,4,4
1508000,0.0,0.0,0.0,4,4,4
1512000,0.0,0.0,0.0,4,4,4
1516000,474.3,450.9,1.0,4,4,4
1520000,474.3,451.0,1.0,4,4,4
1524000,472.7,443.4,1.0,4,4,4
1528000,471.2,435.9,1.0,4,4,4
1532000,468.0,420.8,1.0,4,4,4
1536000,461.8,390.6,1.0,4,4,4
1540000,456.5,363.0,1.0,4,4,4
1544000,448.5,343.4,1.0,4,4,4
1548000,442.7,323.2,1.0,4,4,4
1552000,437.5,302.8,1.0,4,4,4
1556000,434.3,284.3,1.0,4,4,4
1560000,433.5,271.4,1.0,4,4,4
1564000,432.1,259.5,1.0,4,4,4
1568000,431.9,255.2,1.0,4,4,4
1572000,431.7,253.5,1.0,4,4,4
1576000,431.2,253.2,1.0,4,4,4
1580000,431.2,254.4,1.0,4,4,4
1584000,431.2,254.8,1.0,4,4,4
1588000,431.3,255.0,1.0,4,4,4
1592000,431.8,255.1,1.0,4,4,4
1596000,433.3,255.3,1.0,4,4,4
1600000,434.1,255.3,1.0,4,4,4
1604000,434.0,255.8,1.0,4,4,4
1608000,433.9,256.2,1.0,4,4,4
1612000,433.9,256.4,1.0,4,4,4
1616000,433.8,256.3,1.0,4,4,4
1620000,433.7,256.4,1.0,4,4,4
1624000,433.4,256.5,1.0,4,4,4
1628000,433.5,256.7,1.0,4,4,4
1632000,433.6,256.9,1.0,4,4,4
1636000,454.4,242.3,1.0,4,4,4
1640000,454.1,244.3,1.0,4,4,4
1644000,455.5,248.5,1.0,4,4,4
1648000,456.9,257.7,1.0,4,4,4
1652000,457.4,259.6,1.0,4,4,4
1656000,457.1,262.6,1.0,4,4,4
1660000,456.9,264.0,1.0,4,4,4
1664000,455.9,264.2,1.0,4,4,4
1668000,456.6,263.2,1.0,4,4,4
1672000,456.0,262.8,1.0,4,4,4
1676000,455.5,262.5,1.0,4,4,4
1680000,453.7,263.1,1.0,4,4,4
1684000,451.4,263.6,1.0,4,4,4
1688000,449.9,264.2,1.0,4,4,4
1692000,446.9,264.7,1.0,4,4,4
1696000,447.5,265.6,1.0,4,4,4
1700000,448.1,265.7,1.0,4,4,4
1704000,449.5,265.8,1.0,4,4,4
1708000,478.9,266.4,1.0,4,4,4
1712000,517.9,262.2,1.0,4,4,4
1716000,562.8,262.4,1.0,4,4,4
1720000,569.9,261.8,1.0,4,4,4
1724000,568.1,261.7,1.0,4,4,4
1728000,566.4,262.1,1.0,4,4,4
1732000,551.2,261.6,1.0,4,4,4
1737000,546.8,262.2,1.0,4,4,4
1741000,546.7,263.0,1.0,4,4,4
1745000,553.1,264.0,1.0,4,4,4
1749000,559.5,265.8,1.0,4,4,4
1753000,566.9,270.8,1.0,4,4,4
1757000,571.3,271.6,1.0,4,4,4
1761000,572.4,272.3,1.0,4,1,4
1765000,572.9,272.9,1.0,1,1,1
1769000,573.1,273.0,1.0,1,1,1
1772000,572.4,273.0,1.0,1,1,1
1776000,571.7,273.1,1.0,1,1,1
1780000,570.8,274.3,1.0,1,1,1
1784000,571.1,275.7,1.0,1,1,1
1788000,571.3,276.4,1.0,1,1,1
1792000,571.8,277.2,1.0,1,1,1
1796000,573.2,279.7,1.0,1,1,1
1800000,574.3,280.1,1.0,1,1,1
1804000,575.5,280.7,1.0,1,1,1
1808000,577.4,280.8,1.0,1,1,1
1812000,577.7,280.8,1.0,1,1,1
1816000,579.1,280.5,1.0,1,1,1
1820000,579.3,279.4,1.0,1,1,1
1824000,579.6,280.5,1.0,1,1,1
1828000,579.9,280.9,1.0,1,1,1
1832000,580.2,281.0,1.0,1,1,1
1836000,580.5,281.2,1.0,1,1,1
1840000,581.3,281.3,1.0,1,1,1
1844000,581.4,281.2,1.0,1,1,1
1848000,581.4,281.2,1.0,1,1,1
1852000,581.3,281.4,1.0,1,1,1
1856000,581.8,281.5,1.0,1,1,1
1860000,581.8,281.0,1.0,1,1,1
1864000,582.3,280.5,1.0,1,1,1
1868000,582.8,280.0,1.0,1,1,1
1872000,582.9,281.0,1.0,1,1,1
1876000,583.2,281.5,1.0,1,1,1
1880000,583.3,281.9,1.0,1,1,1
1884000,583.5,282.5,1.0,1,1,1
1888000,583.6,282.8,1.0,1,1,1
1892000,583.8,283.1,1.0,1,1,1
1896000,584.0,284.4,1.0,1,1,1
1900000,584.0,284.3,1.0,1,1,1
1904000,584.0,284.6,1.0,1,1,1
1908000,583.9,285.0,1.0,1,1,1
1912000,583.6,284.9,1.0,1,1,1
1916000,583.5,285.0,1.0,1,1,1
1920000,583.5,285.0,1.0,1,1,1
1924000,583.7,285.1,1.0,1,1,1
1928000,583.8,285.1,1.0,1,1,1
1932000,583.9,284.6,1.0,1,1,1
1936000,584.0,284.1,1.0,1,1,1
1940000,583.6,283.9,1.0,1,1,1
1944000,583.3,283.6,1.0,1,1,1
1948000,582.4,281.9,1.0,1,1,1
1952000,582.5,280.4,1.0,1,1,1
1956000,582.5,280.2,1.0,1,1,1
1960000,582.5,280.1,1.0,1,1,1
1964000,582.5,280.4,1.0,1,1,1
1968000,582.6,280.7,1.0,1,1,1
1972000,582.7,280.9,1.0,1,1,1
1976000,582.8,281.0,1.0,1,1,1
1980000,582.9,281.7,1.0,1,1,1
1984000,583.0,281.7,1.0,1,1,1
1988000,582.9,281.7,1.0,1,1,1
1992000,582.8,282.8,1.0,1,1,1
1996000,582.3,283.8,1.0,1,1,1
2000000,582.3,284.9,1.0,1,1,1
2004000,582.0,285.3,1.0,1,1,1
2008000,581.9,285.1,1.0,1,1,1
2012000,581.9,285.1,1.0,1,1,1
2016000,581.9,285.1,1.0,1,1,1
2020000,581.7,285.3,1.0,1,1,1
2024000,581.5,285.5,1.0,1,1,1
2028000,581.5,285.8,1.0,1,1,1
2032000,581.8,286.6,1.0,1,1,1
2037000,582.1,286.9,1.0,1,1,1
2041000,582.7,286.9,1.0,1,1,1
2045000,582.9,287.0,1.0,1,1,1
2049000,583.5,287.0,1.0,1,1,1
2053000,583.5,286.9,1.0,1,1,1
2057000,583.6,286.9,1.0,1,1,1
2061000,584.0,286.7,1.0,1,1,1
2065000,583.6,286.7,1.0,1,1,1
2068000,583.2,286.6,1.0,1,1,1
2072000,582.1,286.6,1.0,1,1,1
2076000,582.1,286.6,1.0,1,1,1
2080000,582.1,286.2,1.0,1,1,1
2084000,582.1,285.8,1.0,1,1,1
2088000,582.7,285.0,1.0,1,1,1
2092000,583.3,284.8,1.0,1,1,1
2096000,583.7,284.8,1.0,1,1,1
2100000,583.6,284.7,1.0,1,1,1
2104000,583.8,284.5,1.0,1,1,1
2108000,583.9,284.5,1.0,1,1,1
2112000,584.3,284.6,1.0,1,1,1
2116000,583.1,284.5,1.0,1,1,1
2120000,581.9,285.2,1.0,1,1,1
2124000,578.7,289.7,1.0,2,2,2
2128000,569.3,307.1,1.0,2,2,2
2132000,544.2,328.3,1.0,2,2,2
2136000,524.2,362.7,1.0,2,2,2
2140000,526.4,364.3,1.0,2,2,2
2144000,528.5,364.0,1.0,2,2,2
2148000,533.5,363.9,1.0,2,2,2
2152000,534.1,352.1,1.0,2,2,2
2156000,534.2,346.8,1.0,2,2,2
2160000,531.1,344.2,1.0,2,2,2
2164000,528.0,349.6,1.0,2,2,2
2168000,524.3,355.0,1.0,2,2,2
2172000,524.3,360.7,1.0,2,2,2
2176000,524.4,367.0,1.0,2,2,2
2180000,524.5,367.8,1.0,2,2,2
2184000,524.7,368.2,1.0,1,1,1
2188000,524.6,367.7,1.0,1,1,1
2192000,524.6,367.1,1.0,1,1,1
2196000,524.7,366.7,1.0,1,1,1
2200000,524.6,366.6,1.0,1,1,1
2204000,524.7,366.5,1.0,1,1,1
2208000,524.5,367.0,1.0,1,1,1
2212000,524.7,367.5,1.0,1,1,1
2216000,524.8,367.6,1.0,1,1,1
2220000,525.1,367.7,1.0,1,1,1
2224000,525.1,367.7,1.0,1,1,1
2228000,525.1,367.7,1.0,1,1,1
2232000,525.2,367.8,1.0,1,1,1
2236000,525.4,367.8,1.0,1,1,1
2240000,525.8,367.7,1.0,1,1,1
2244000,526.2,367.5,1.0,1,1,1
2248000,525.8,367.7,1.0,1,1,1
2252000,526.0,367.5,1.0,1,1,1
2256000,526.0,367.4,1.0,1,1,1
2260000,526.0,367.4,1.0,1,1,1
2264000,526.3,367.3,1.0,1,1,1
2268000,526.3,367.2,1.0,1,1,1
2272000,526.5,367.1,1.0,1,1,1
2276000,526.5,367.1,1.0,1,1,1
2280000,526.5,367.1,1.0,1,1,1
2284000,526.5,367.6,1.0,1,1,1
2288000,526.5,367.9,1.0,1,1,1
2292000,527.9,368.4,1.0,1,1,1
2296000,528.1,367.6,1.0,1,1,1
2300000,531.3,367.0,1.0,2,2,2
2304000,551.6,366.1,1.0,2,2,2
2308000,596.1,357.1,1.0,2,2,2
2312000,642.0,344.1,1.0,2,2,2
2316000,678.8,336.5,1.0,2,2,2
2320000,684.1,336.1,1.0,2,2,2
2324000,684.9,335.6,1.0,2,2,2
2328000,685.4,334.6,1.0,1,1,1
2332000,685.6,334.5,1.0,1,1,1
2336000,685.8,334.9,1.0,1,1,1
2340000,686.7,335.3,1.0,1,1,1
2344000,687.7,338.2,1.0,1,1,1
2348000,695.6,339.0,1.0,1,1,1
2352000,707.1,339.8,1.0,1,1,1
2356000,710.6,340.4,1.0,1,1,1
2360000,710.8,340.7,1.0,1,1,1
2364000,710.4,341.0,1.0,1,1,1
2368000,710.1,341.1,1.0,1,1,1
2372000,707.4,341.1,1.0,1,1,1
2376000,707.1,341.4,1.0,1,1,1
2380000,706.1,341.7,1.0,1,1,1
2384000,705.7,341.7,1.0,1,1,1
2388000,705.9,341.8,1.0,1,1,1
2392000,706.0,342.3,1.0,1,1,1
2396000,706.8,342.5,1.0,1,1,1
2400000,707.6,342.8,1.0,1,1,1
2404000,708.0,342.9,1.0,1,1,1
2408000,708.4,343.1,1.0,1,1,1
2412000,708.9,343.2,1.0,1,1,1
2416000,709.0,343.4,1.0,1,1,1
2420000,709.1,344.2,1.0,1,1,1
2424000,709.1,344.5,1.0,1,1,1
2428000,709.2,344.7,1.0,1,1,1
2432000,709.4,344.6,1.0,1,1,1
2437000,709.6,344.5,1.0,1,1,1
2441000,709.8,344.4,1.0,1,1,1
2445000,710.0,344.3,1.0,1,1,1
2449000,710.2,343.4,1.0,1,1,1
2453000,710.3,343.6,1.0,1,1,1
2457000,710.4,343.8,1.0,1,1,1
2461000,710.4,343.9,1.0,1,1,1
2465000,710.5,344.0,1.0,1,1,1
2469000,710.5,344.6,1.0,1,1,1
2473000,710.6,345.2,1.0,1,1,1
2477000,710.7,346.3,1.0,1,1,1
2481000,710.8,347.3,1.0,1,1,1
2485000,710.6,348.7,1.0,1,1,1
2489000,710.4,348.2,1.0,1,1,1
2493000,710.9,347.7,1.0,1,1,1
2497000,710.8,347.2,1.0,1,1,1
2501000,711.0,346.8,1.0,1,1,1
2504000,711.2,346.5,1.0,1,1,1
2508000,711.8,346.5,1.0,1,1,1
2512000,711.8,346.4,1.0,1,1,1
2516000,711.6,346.6,1.0,1,1,1
2520000,711.4,346.6,1.0,1,1,1
2524000,707.3,346.5,1.0,2,2,2
2528000,690.6,345.9,1.0,2,2,2
2532000,645.2,338.7,1.0,2,2,2
2537000,581.3,317.8,1.0,2,2,2
2541000,519.0,296.2,1.0,2,2,2
2545000,469.4,293.7,1.0,2,2,2
2549000,441.9,292.3,1.0,2,2,2
2553000,430.7,292.7,1.0,2,2,2
2557000,424.1,292.8,1.0,2,2,2
2561000,425.5,290.5,1.0,2,2,2
2565000,427.0,290.8,1.0,2,2,2
2569000,427.0,291.0,1.0,1,2,1
2572000,427.0,293.7,1.0,1,2,1
2576000,423.9,296.4,1.0,1,2,1
2580000,407.4,296.5,1.0,1,1,1
2584000,400.3,296.6,1.0,1,1,1
2588000,400.8,297.4,1.0,1,1,1
2592000,401.3,298.4,1.0,1,1,1
2596000,402.7,299.5,1.0,1,1,1
2600000,405.9,301.4,1.0,1,1,1
2604000,406.2,302.2,1.0,1,1,1
2608000,406.2,302.9,1.0,1,1,1
2612000,406.1,303.9,1.0,1,1,1
2616000,406.2,305.1,1.0,1,1,1
2620000,406.1,305.4,1.0,1,1,1
2624000,406.0,305.4,1.0,1,1,1
2628000,405.8,305.3,1.0,1,1,1
2632000,405.5,305.3,1.0,1,1,1
2637000,405.3,305.2,1.0,1,1,1
2641000,405.2,305.3,1.0,1,1,1
2645000,405.1,305.4,1.0,1,1,1
2649000,405.1,305.5,1.0,1,1,1
2653000,404.9,305.5,1.0,1,1,1
2657000,404.7,305.5,1.0,1,1,1
2661000,404.5,305.5,1.0,1,1,1
2665000,404.5,305.6,1.0,1,1,1
2669000,404.4,305.9,1.0,1,1,1
2672000,404.3,305.9,1.0,1,1,1
2676000,404.4,306.0,1.0,1,1,1
2680000,404.4,306.5,1.0,1,1,1
2684000,404.3,306.4,1.0,1,1,1
2688000,404.5,306.8,1.0,1,1,1
2692000,404.4,306.8,1.0,1,1,1
2696000,404.6,306.7,1.0,1,1,1
2700000,404.7,306.6,1.0,1,1,1
2704000,404.7,306.7,1.0,1,1,1
2708000,404.5,306.5,1.0,1,1,1
2712000,404.8,306.3,1.0,1,1,1
2716000,405.1,306.2,1.0,1,1,1
2720000,405.3,306.1,1.0,1,1,1
2724000,405.5,305.4,1.0,1,1,1
2728000,405.5,305.5,1.0,1,1,1
2732000,405.5,305.7,1.0,1,1,1
2737000,405.4,305.6,1.0,1,1,1
2741000,405.3,305.4,1.0,1,1,1
2745000,405.8,304.9,1.0,1,1,1
2749000,406.0,305.0,1.0,1,1,1
2753000,406.1,304.7,1.0,1,1,1
2757000,405.9,304.5,1.0,1,1,1
2761000,405.9,304.6,1.0,1,1,1
2765000,405.8,304.5,1.0,1,1,1
2769000,405.9,304.4,1.0,1,1,1
2772000,405.9,304.2,1.0,1,1,1
2776000,406.1,303.8,1.0,1,1,1
2780000,406.1,303.7,1.0,1,1,1
2784000,406.0,303.6,1.0,1,1,1
2788000,406.0,303.9,1.0,1,1,1
2792000,405.6,304.1,1.0,1,1,1
2796000,405.7,303.6,1.0,1,1,1
2800000,405.7,303.5,1.0,1,1,1
2805000,405.9,303.5,1.0,1,1,1
2809000,406.0,303.2,1.0,1,1,1
2813000,406.0,302.9,1.0,1,1,1
2817000,406.3,302.9,1.0,1,1,1
2821000,406.7,301.9,1.0,1,1,1
2825000,407.0,300.8,1.0,1,1,1
2829000,407.2,300.5,1.0,1,1,1
2833000,407.3,300.1,1.0,1,1,1
2837000,407.4,300.4,1.0,1,1,1
2840000,407.4,300.2,1.0,1,1,1
2844000,407.2,300.0,1.0,1,1,1
2848000,407.1,299.3,1.0,1,1,1
2852000,406.8,299.2,1.0,1,1,1
2856000,406.6,299.2,1.0,1,1,1
2860000,405.9,299.2,1.0,1,1,1
2864000,405.5,299.3,1.0,1,1,1
2868000,405.5,299.4,1.0,1,1,1
2872000,405.4,299.5,1.0,1,1,1
2876000,405.1,299.4,1.0,1,1,1
2880000,405.1,299.4,1.0,1,1,1
2884000,404.4,299.2,1.0,1,1,1
2888000,403.2,299.0,1.0,1,1,1
2892000,403.4,299.0,1.0,1,1,1
2896000,403.0,299.0,1.0,1,1,1
2900000,402.6,298.8,1.0,1,1,1
2904000,402.6,299.0,1.0,1,1,1
2908000,402.7,298.8,1.0,1,1,1
2912000,402.3,298.5,1.0,1,1,1
2916000,402.2,298.5,1.0,1,1,1
2920000,402.1,298.5,1.0,1,1,1
2924000,402.2,298.5,1.0,1,1,1
2928000,402.3,299.0,1.0,1,1,1
2932000,402.5,299.2,1.0,1,1,1
2937000,402.6,299.3,1.0,1,1,1
2941000,402.7,299.3,1.0,1,1,1
2945000,402.7,299.4,1.0,1,1,1
2949000,402.7,300.1,1.0,1,1,1
2953000,403.1,300.5,1.0,1,1,1
2957000,403.4,300.4,1.0,1,1,1
2961000,403.4,300.2,1.0,1,1,1
2965000,403.4,300.4,1.0,1,1,1
2969000,403.6,300.4,1.0,1,1,1
2973000,403.7,300.4,1.0,1,1,1
2977000,401.5,302.5,1.0,2,2,2
2981000,399.4,304.6,1.0,2,2,2
2985000,394.9,309.1,1.0,2,2,2
2989000,373.4,316.0,1.0,2,2,2
2993000,338.2,339.6,1.0,2,2,2
2997000,293.4,381.0,1.0,2,2,2
3001000,259.4,416.5,1.0,2,2,2
3004000,236.5,458.1,1.0,2,2,2
3008000,215.2,482.6,1.0,2,2,2
3012000,217.9,492.5,1.0,2,2,2
3016000,221.0,494.2,1.0,2,2,2
3020000,224.6,485.7,1.0,2,2,2
3024000,226.1,476.9,1.0,2,2,2
3028000,221.6,481.0,1.0,2,2,2
3032000,217.2,485.2,1.0,2,2,2
3037000,204.6,493.5,1.0,2,2,2
3041000,204.0,512.8,1.0,2,2,2
3045000,204.1,519.4,1.0,2,2,2
3049000,205.6,520.6,1.0,2,2,2
3053000,207.4,521.3,1.0,2,2,2
3057000,212.0,522.0,1.0,2,2,2
3061000,212.4,521.8,1.0,2,2,2
3065000,212.8,521.6,1.0,1,1,1
3069000,213.0,520.7,1.0,1,1,1
3073000,212.9,520.9,1.0,1,1,1
3077000,212.8,521.0,1.0,1,1,1
3081000,212.6,520.7,1.0,1,1,1
3085000,212.6,520.3,1.0,1,1,1
3089000,212.7,520.6,1.0,1,1,1
3093000,212.7,520.5,1.0,1,1,1
3097000,212.6,521.1,1.0,1,1,1
3101000,212.8,521.8,1.0,1,1,1
3105000,212.5,522.4,1.0,1,1,1
3109000,212.2,522.7,1.0,1,1,1
3113000,211.9,522.5,1.0,1,1,1
3117000,211.7,522.3,1.0,1,1,1
3121000,212.4,521.7,1.0,1,1,1
3125000,212.6,521.3,1.0,1,1,1
3129000,212.8,520.9,1.0,1,1,1
3133000,213.1,520.9,1.0,1,1,1
3137000,212.9,520.7,1.0,1,1,1
3141000,213.0,520.8,1.0,1,1,1
3145000,213.2,520.7,1.0,1,1,1
3149000,213.4,520.9,1.0,1,1,1
3153000,213.5,520.7,1.0,1,1,1
3157000,214.2,520.9,1.0,1,1,1
3161000,214.3,520.9,1.0,1,1,1
3165000,214.4,520.9,1.0,1,1,1
3169000,214.4,521.3,1.0,1,1,1
3173000,214.3,521.7,1.0,1,1,1
3177000,214.4,521.5,1.0,1,1,1
3181000,214.3,521.4,1.0,1,1,1
3185000,214.2,521.3,1.0,1,1,1
3189000,215.0,521.2,1.0,1,1,1
3193000,215.2,520.9,1.0,1,1,1
3197000,215.4,520.7,1.0,1,1,1
3201000,215.4,519.9,1.0,1,1,1
3205000,215.3,520.0,1.0,1,1,1
3209000,215.2,519.2,1.0,1,1,1
3213000,215.6,518.5,1.0,1,1,1
3217000,216.0,517.8,1.0,1,1,1
3221000,216.4,517.6,1.0,1,1,1
3225000,216.8,517.5,1.0,1,1,1
3229000,216.9,518.3,1.0,1,1,1
3233000,217.1,519.0,1.0,1,1,1
3236000,217.2,519.7,1.0,1,1,1
3240000,217.4,519.7,1.0,1,1,1
3244000,217.5,519.8,1.0,1,1,1
3248000,217.3,519.7,1.0,1,1,1
3252000,217.2,519.8,1.0,1,1,1
3256000,216.8,519.8,1.0,1,1,1
3260000,216.5,519.8,1.0,1,1,1
3264000,215.7,519.7,1.0,1,1,1
3269000,215.6,519.5,1.0,1,1,1
3273000,215.5,519.3,1.0,1,1,1
3277000,214.3,519.1,1.0,1,1,1
3281000,213.7,519.1,1.0,1,1,1
3285000,213.5,519.0,1.0,1,1,1
3289000,213.5,519.2,1.0,1,1,1
3293000,213.4,519.5,1.0,1,1,1
3297000,213.6,519.3,1.0,1,1,1
3301000,213.8,519.4,1.0,1,1,1
3305000,213.8,519.4,1.0,1,1,1
3309000,213.9,519.5,1.0,1,1,1
3313000,214.0,519.6,1.0,1,1,1
3317000,214.0,520.1,1.0,1,1,1
3321000,213.9,519.9,1.0,1,1,1
3325000,214.2,519.8,1.0,1,1,1
3329000,214.3,519.1,1.0,1,1,1
3333000,214.3,519.2,1.0,1,1,1
3337000,214.0,519.2,1.0,1,1,1
3341000,214.2,518.6,1.0,1,1,1
3345000,214.0,519.3,1.0,1,1,1
3349000,213.9,518.6,1.0,1,1,1
3353000,213.7,518.5,1.0,1,1,1
3357000,213.8,518.4,1.0,1,1,1
3361000,213.7,518.3,1.0,1,1,1
3365000,214.1,518.6,1.0,1,1,1
3369000,214.0,518.6,1.0,1,1,1
3372000,213.9,519.0,1.0,1,1,1
3376000,214.1,519.3,1.0,1,1,1
3380000,213.8,519.1,1.0,1,1,1
3384000,213.9,518.9,1.0,1,1,1
3388000,213.9,519.0,1.0,1,1,1
3392000,214.4,519.0,1.0,1,1,1
3396000,214.8,518.7,1.0,1,1,1
3400000,215.0,518.3,1.0,1,1,1
3405000,214.9,517.7,1.0,1,1,1
3409000,215.1,517.0,1.0,1,1,1
3413000,215.2,516.8,1.0,1,1,1
3417000,215.8,516.7,1.0,1,1,1
3421000,215.9,516.7,1.0,1,1,1
3425000,217.9,517.0,1.0,1,1,1
3429000,218.8,517.2,1.0,1,1,1
3433000,223.6,517.9,1.0,1,1,1
3437000,224.9,518.6,1.0,1,1,1
3441000,225.2,520.9,1.0,1,1,1
3445000,225.0,522.5,1.0,1,1,1
3449000,224.8,522.5,1.0,1,1,1
3453000,224.5,522.4,1.0,1,1,1
3457000,224.8,522.2,1.0,1,1,1
3461000,225.0,522.3,1.0,1,1,1
3465000,224.9,522.3,1.0,1,1,1
3469000,224.9,522.6,1.0,1,1,1
3473000,224.8,522.8,1.0,1,1,1
3477000,224.8,523.7,1.0,1,1,1
3481000,224.7,525.1,1.0,1,1,1
3485000,224.0,526.4,1.0,1,1,1
3489000,223.8,526.2,1.0,1,1,1
3493000,223.6,526.2,1.0,1,1,1
3497000,223.2,526.1,1.0,1,1,1
3501000,223.0,526.1,1.0,1,1,1
3505000,223.4,526.0,1.0,1,1,1
3509000,223.7,526.1,1.0,1,1,1
3513000,223.6,525.8,1.0,1,1,1
3517000,223.5,525.4,1.0,1,1,1
3521000,223.7,525.6,1.0,1,1,1
3525000,223.5,525.8,1.0,1,1,1
3529000,223.4,525.6,1.0,1,1,1
3533000,223.5,525.7,1.0,1,1,1
3536000,223.5,525.7,1.0,1,1,1
3540000,224.2,525.6,1.0,1,1,1
3544000,224.2,526.1,1.0,1,1,1
3548000,224.3,526.1,1.0,1,1,1
3552000,224.7,526.1,1.0,1,1,1
3556000,224.9,526.2,1.0,1,1,1
3560000,225.1,526.3,1.0,1,1,1
3564000,225.2,526.5,1.0,1,1,1
3568000,225.2,526.7,1.0,1,1,1
3573000,225.2,528.0,1.0,1,1,1
3577000,225.2,527.8,1.0,1,1,1
3581000,225.1,527.6,1.0,1,1,2
3585000,221.0,526.3,1.0,2,2,2
3589000,208.5,516.8,1.0,2,2,2
3593000,203.3,496.0,1.0,2,2,2
3597000,200.7,495.5,1.0,2,2,2
3601000,205.8,497.4,1.0,2,2,2
3605000,211.0,499.3,1.0,2,2,2
3609000,210.0,506.4,1.0,2,2,2
3613000,209.3,505.7,1.0,2,2,2
3617000,206.3,504.7,1.0,1,1,1
3621000,204.7,503.1,1.0,1,1,1
3625000,204.7,499.8,1.0,1,1,1
3629000,204.7,499.6,1.0,1,1,1
3633000,205.2,499.4,1.0,1,1,1
3636000,205.7,498.6,1.0,1,1,1
3640000,206.8,498.6,1.0,1,1,1
3644000,207.0,498.7,1.0,1,1,1
3648000,207.2,498.8,1.0,1,1,1
3652000,207.6,499.6,1.0,1,1,1
3656000,207.7,501.1,1.0,1,1,1
3660000,207.9,501.2,1.0,1,1,1
3664000,208.2,501.4,1.0,1,1,1
3668000,208.2,502.2,1.0,1,1,1
3673000,208.2,502.4,1.0,1,1,1
3677000,208.6,502.6,1.0,1,1,1
3681000,208.9,503.0,1.0,1,1,1
3685000,209.8,503.5,1.0,1,1,1
3689000,210.7,505.2,1.0,1,1,1
3693000,211.9,506.0,1.0,1,1,1
3697000,213.1,506.7,1.0,1,1,1
3701000,213.3,507.2,1.0,1,1,1
3705000,213.6,507.8,1.0,1,1,1
3709000,214.2,507.6,1.0,1,1,1
3713000,214.6,507.5,1.0,1,1,1
3717000,215.4,507.4,1.0,1,1,1
3721000,216.2,507.6,1.0,1,1,1
3725000,216.8,507.8,1.0,1,1,1
3729000,217.1,508.3,1.0,1,1,1
3733000,217.4,508.5,1.0,1,1,1
3736000,217.3,508.6,1.0,1,1,1
3740000,217.4,508.7,1.0,1,1,1
3744000,217.5,508.6,1.0,1,1,1
3748000,217.1,509.5,1.0,1,1,1
3752000,217.4,510.5,1.0,1,1,1
3756000,217.8,510.2,1.0,1,1,1
3760000,218.9,509.9,1.0,1,1,1
3764000,219.2,509.7,1.0,1,1,1
3768000,219.2,510.0,1.0,1,1,1
3773000,218.9,510.2,1.0,1,1,1
3777000,218.7,510.5,1.0,1,1,1
3781000,218.6,510.8,1.0,1,1,1
3785000,218.5,511.3,1.0,1,1,1
3789000,218.5,511.3,1.0,1,1,1
3793000,217.7,511.3,1.0,1,1,1
3797000,217.4,511.4,1.0,1,1,1
3801000,217.2,511.3,1.0,1,1,1
3805000,217.0,511.3,1.0,1,1,1
3809000,216.9,511.3,1.0,1,1,1
3813000,216.8,511.3,1.0,1,1,1
3817000,216.4,511.5,1.0,1,1,1
3821000,216.0,511.5,1.0,1,1,1
3825000,215.6,511.3,1.0,1,1,1
3829000,215.4,511.5,1.0,1,1,1
3833000,215.3,511.7,1.0,1,1,1
3837000,215.2,512.3,1.0,1,1,1
3841000,215.1,513.2,1.0,1,1,1
3845000,215.5,514.1,1.0,1,1,1
3849000,215.5,514.6,1.0,1,1,1
3853000,215.5,514.5,1.0,1,1,1
3857000,215.4,514.3,1.0,1,1,1
3861000,215.4,514.6,1.0,1,1,1
3865000,215.3,515.0,1.0,1,1,1
3869000,215.2,515.2,1.0,1,1,1
3873000,215.0,515.4,1.0,1,1,1
3877000,214.8,516.3,1.0,1,1,1
3881000,214.6,516.4,1.0,1,1,1
3885000,214.6,516.3,1.0,1,1,1
3889000,214.7,516.4,1.0,1,1,1
3893000,214.7,516.4,1.0,1,1,1
3897000,214.6,516.5,1.0,1,1,1
3901000,214.6,517.0,1.0,1,1,1
3904000,214.7,516.7,1.0,1,1,1
3908000,214.5,516.6,1.0,1,1,1
3912000,214.7,516.6,1.0,1,1,1
3916000,214.8,516.5,1.0,1,1,1
3920000,214.8,516.4,1.0,1,1,1
3924000,214.9,516.3,1.0,1,1,1
3928000,214.9,516.2,1.0,1,1,1
3932000,215.0,516.2,1.0,1,1,1
3937000,215.1,516.0,1.0,1,1,1
3941000,215.2,515.8,1.0,1,1,1
3945000,215.3,515.8,1.0,1,1,1
3949000,215.3,515.8,1.0,1,1,1
3953000,215.4,515.9,1.0,1,1,1
3957000,215.3,515.8,1.0,1,1,1
3961000,215.2,516.1,1.0,1,1,1
3965000,214.9,515.9,1.0,1,1,1
3969000,214.9,516.0,1.0,1,1,1
3973000,214.9,516.0,1.0,1,1,1
3977000,215.2,516.1,1.0,1,1,1
3981000,215.8,516.2,1.0,1,1,1
3985000,215.8,516.8,1.0,1,1,1
3989000,215.8,517.4,1.0,1,1,1
3993000,216.6,517.6,1.0,1,1,1
3997000,216.5,517.8,1.0,1,1,1
4001000,216.6,517.6,1.0,1,1,1
4004000,216.4,517.4,1.0,1,1,1
4008000,216.3,517.0,1.0,1,1,1
4012000,215.8,516.3,1.0,1,1,1
4016000,215.3,516.0,1.0,1,1,1
4020000,214.8,516.3,1.0,1,1,1
4024000,214.3,516.2,1.0,1,1,1
4028000,213.9,516.0,1.0,1,1,1
4032000,213.3,516.4,1.0,1,1,1
4037000,213.5,516.9,1.0,1,1,1
4041000,213.6,516.4,1.0,1,1,1
4045000,214.5,516.1,1.0,1,1,1
4049000,214.6,516.5,1.0,1,1,1
4053000,215.8,517.0,1.0,1,1,1
4057000,216.4,517.3,1.0,1,1,1
4061000,216.7,517.6,1.0,1,1,1
4065000,217.0,517.5,1.0,1,1,1
4069000,217.6,517.4,1.0,1,1,1
4073000,217.3,516.8,1.0,1,1,1
4077000,217.0,516.6,1.0,1,1,1
4081000,216.4,516.4,1.0,1,1,1
4085000,216.4,516.3,1.0,1,1,1
4089000,216.4,516.3,1.0,1,1,1
4093000,216.2,516.5,1.0,1,1,1
4097000,216.0,516.6,1.0,1,1,1
4101000,216.5,516.8,1.0,1,1,1
4105000,216.5,516.7,1.0,1,1,1
4109000,216.4,516.8,1.0,1,1,1
4113000,216.6,516.8,1.0,1,1,1
4117000,216.7,516.7,1.0,1,1,1
4121000,217.1,516.5,1.0,1,1,1
4125000,216.8,515.0,1.0,1,1,1
4129000,216.5,515.0,1.0,1,1,1
4133000,216.3,514.2,1.0,1,1,1
4137000,216.6,513.9,1.0,1,1,1
4141000,216.8,513.6,1.0,1,1,1
4145000,216.8,513.3,1.0,1,1,1
4149000,216.9,513.1,1.0,1,1,1
4153000,216.9,512.5,1.0,1,1,1
4157000,217.0,512.3,1.0,1,1,1
4161000,216.9,512.1,1.0,1,1,1
4165000,217.3,512.2,1.0,1,1,1
4169000,217.1,512.2,1.0,1,1,1
4173000,217.0,512.1,1.0,1,1,1
4177000,217.0,512.0,1.0,1,1,1
4181000,217.0,511.8,1.0,1,1,1
4185000,219.5,511.6,1.0,2,2,2
4189000,223.2,507.6,1.0,2,2,2
4193000,230.2,491.3,1.0,2,2,2
4197000,243.3,433.3,1.0,2,2,2
4201000,249.0,371.2,1.0,2,2,2
4205000,250.5,311.9,1.0,2,2,2
4209000,251.2,272.9,1.0,2,2,2
4213000,251.9,263.4,1.0,2,2,2
4217000,252.5,262.9,1.0,2,2,2
4221000,258.4,264.3,1.0,1,3,3
4225000,263.2,265.6,1.0,1,3,3
4229000,264.1,282.0,1.0,1,3,3
4233000,264.0,283.5,1.0,1,3,3
4237000,263.9,283.1,1.0,1,3,3
4241000,263.3,282.7,1.0,1,3,3
4245000,263.4,272.4,1.0,1,3,3
4249000,263.6,267.1,1.0,1,3,3
4253000,264.2,267.7,1.0,1,3,3
4257000,265.3,268.3,1.0,1,3,3
4261000,265.7,269.6,1.0,1,3,3
4265000,267.0,273.4,1.0,1,3,3
4269000,267.2,276.1,1.0,1,3,3
4273000,269.1,278.9,1.0,1,3,3
4277000,269.5,279.9,1.0,1,3,3
4281000,271.6,280.7,1.0,1,3,3
4285000,272.3,281.3,1.0,1,3,3
4289000,273.1,281.3,1.0,1,3,3
4293000,274.1,281.6,1.0,1,3,3
4297000,274.7,281.9,1.0,1,3,3
4301000,276.3,282.7,1.0,1,3,3
4305000,278.1,283.0,1.0,1,3,3
4309000,278.9,283.3,1.0,1,3,3
4313000,279.5,283.5,1.0,1,3,3
4317000,280.1,283.6,1.0,1,3,3
4321000,280.6,285.1,1.0,1,3,3
4325000,281.0,285.4,1.0,1,3,3
4329000,282.5,285.8,1.0,1,3,3
4333000,283.7,286.3,1.0,1,3,3
4337000,284.9,286.4,1.0,1,3,3
4341000,284.9,286.4,1.0,1,3,3
4345000,285.6,286.9,1.0,1,3,3
4349000,286.2,287.3,1.0,1,3,3
4353000,286.8,288.5,1.0,1,3,3
4357000,287.3,288.6,1.0,1,3,3
4361000,288.5,288.8,1.0,1,3,3
4365000,288.8,289.2,1.0,1,3,3
4369000,289.8,289.7,1.0,1,3,3
4372000,291.2,289.5,1.0,1,3,3
4376000,292.9,289.3,1.0,1,3,3
4380000,294.4,289.0,1.0,1,3,3
4384000,294.8,288.8,1.0,1,3,3
4388000,295.7,288.9,1.0,1,3,3
4392000,296.8,289.4,1.0,1,3,3
4396000,297.8,289.8,1.0,1,3,3
4400000,298.4,290.6,1.0,1,3,3
4405000,298.8,291.2,1.0,1,3,3
4409000,300.4,292.0,1.0,1,3,3
4413000,301.0,292.4,1.0,1,3,3
4417000,301.2,292.2,1.0,1,3,3
4421000,301.2,292.2,1.0,1,3,3
4425000,301.2,292.3,1.0,1,3,3
4429000,300.9,292.7,1.0,1,3,3
4433000,300.6,292.9,1.0,1,3,3
4437000,300.5,293.0,1.0,1,3,3
4441000,300.5,292.5,1.0,1,3,3
4445000,300.5,291.9,1.0,1,3,3
4449000,301.0,291.8,1.0,1,3,3
4453000,301.5,291.7,1.0,1,3,3
4457000,301.9,292.0,1.0,1,3,3
4461000,302.3,292.2,1.0,1,3,3
4465000,302.5,292.0,1.0,1,3,3
4469000,302.6,292.7,1.0,1,3,3
4473000,302.6,293.4,1.0,1,3,3
4477000,303.1,293.2,1.0,1,3,3
4481000,303.6,293.8,1.0,1,3,3
4485000,304.1,292.8,1.0,1,3,3
4489000,304.6,292.4,1.0,1,3,3
4493000,304.9,292.3,1.0,1,3,3
4497000,305.1,292.2,1.0,1,1,1
4501000,305.7,292.4,1.0,1,1,1
4505000,306.5,292.7,1.0,1,1,1
4509000,306.5,293.0,1.0,1,1,1
4513000,307.0,293.3,1.0,1,1,1
4517000,306.8,293.0,1.0,1,1,1
4521000,307.1,293.0,1.0,1,1,1
4525000,307.0,293.1,1.0,1,1,1
4529000,307.0,293.5,1.0,1,1,1
4533000,306.9,294.7,1.0,1,1,1
4537000,306.7,294.3,1.0,1,1,1
4540000,306.6,294.7,1.0,1,1,1
4544000,307.2,294.8,1.0,1,1,1
4548000,307.8,294.7,1.0,1,1,1
4552000,308.1,294.6,1.0,1,1,1
4556000,308.6,293.6,1.0,1,1,1
4560000,308.8,293.1,1.0,1,1,1
4564000,308.9,292.6,1.0,1,1,1
4568000,309.0,292.7,1.0,1,1,1
4573000,308.9,292.8,1.0,1,1,1
4577000,309.1,293.3,1.0,1,1,1
4581000,309.4,293.4,1.0,1,1,1
4585000,309.5,293.5,1.0,1,1,1
4589000,309.4,293.6,1.0,1,1,1
4593000,309.4,293.5,1.0,1,1,1
4597000,309.1,293.6,1.0,1,1,1
4601000,309.0,293.8,1.0,1,1,1
4605000,309.0,293.5,1.0,1,1,1
4609000,309.1,294.2,1.0,1,1,1
4613000,309.3,295.0,1.0,1,1,1
4617000,309.6,295.0,1.0,1,1,1
4621000,309.5,295.0,1.0,1,1,1
4625000,309.5,294.6,1.0,1,1,1
4629000,309.5,293.9,1.0,1,1,1
4633000,309.5,292.9,1.0,1,1,1
4637000,310.3,292.9,1.0,1,1,1
4640000,311.0,293.4,1.0,1,1,1
4644000,311.7,293.8,1.0,1,1,1
4648000,311.9,294.3,1.0,1,1,1
4652000,312.2,294.1,1.0,1,1,1
4656000,313.0,294.0,1.0,1,1,1
4660000,313.9,293.1,1.0,1,1,1
4664000,313.6,293.1,1.0,1,1,1
4668000,314.0,292.8,1.0,1,1,1
4673000,314.1,293.0,1.0,1,1,1
4677000,314.3,293.3,1.0,1,1,1
4681000,314.3,294.2,1.0,1,1,1
4685000,314.5,294.3,1.0,1,1,1
4689000,314.5,294.4,1.0,1,1,1
4693000,314.4,294.0,1.0,1,1,1
4697000,314.5,293.6,1.0,1,1,1
4701000,314.5,292.4,1.0,1,1,1
4705000,314.9,292.5,1.0,1,1,1
4709000,315.1,292.5,1.0,1,1,1
4713000,315.3,292.5,1.0,1,1,1
4717000,315.6,292.7,1.0,1,1,1
4721000,316.0,292.7,1.0,1,1,1
4725000,316.1,292.7,1.0,1,1,1
4729000,315.9,292.8,1.0,1,1,1
4733000,315.7,293.0,1.0,1,1,1
4737000,315.5,293.4,1.0,1,1,1
4740000,315.2,293.6,1.0,1,1,1
4744000,315.3,293.7,1.0,1,1,1
4748000,315.5,294.6,1.0,1,1,1
4752000,315.9,295.4,1.0,1,1,1
4756000,316.1,295.7,1.0,1,1,1
4760000,316.3,295.9,1.0,1,1,1
4764000,316.5,296.2,1.0,1,3,3
4768000,316.6,296.6,1.0,1,3,3
4773000,316.9,297.1,1.0,1,3,3
4777000,316.9,296.7,1.0,1,3,3
4781000,317.0,296.6,1.0,1,3,3
4785000,317.3,296.5,1.0,1,3,3
4789000,317.6,296.0,1.0,1,3,3
4793000,318.0,295.6,1.0,1,3,3
4797000,318.2,294.8,1.0,1,3,3
4801000,318.4,294.0,1.0,1,3,3
4804000,320.3,294.2,1.0,1,3,3
4808000,320.6,294.3,1.0,1,3,3
4812000,320.8,294.3,1.0,1,3,3
4816000,321.4,294.2,1.0,1,3,3
4820000,322.0,294.2,1.0,1,3,3
4824000,322.7,294.9,1.0,1,3,3
4828000,324.1,295.6,1.0,1,3,3
4832000,324.2,295.8,1.0,1,3,3
4836000,324.3,296.0,1.0,1,3,3
4841000,325.2,296.1,1.0,1,3,3
4845000,325.4,296.2,1.0,1,3,3
4849000,325.5,297.7,1.0,1,3,3
4853000,325.7,297.8,1.0,1,3,3
4857000,325.9,298.0,1.0,1,3,3
4861000,326.3,297.6,1.0,1,3,3
4865000,326.7,297.2,1.0,1,3,3
4869000,327.5,296.2,1.0,1,3,3
4873000,328.4,296.3,1.0,1,3,3
4877000,328.4,296.2,1.0,1,3,3
4881000,328.5,296.4,1.0,1,3,3
4885000,329.0,296.7,1.0,1,3,3
4889000,329.0,296.9,1.0,1,3,3
4893000,329.4,297.0,1.0,1,3,3
4897000,329.9,296.9,1.0,1,3,3
4901000,330.1,296.8,1.0,1,3,3
4905000,330.3,296.4,1.0,1,3,3
4909000,330.9,296.0,1.0,1,3,3
4913000,331.6,295.9,1.0,1,3,3
4917000,331.9,295.8,1.0,1,3,3
4921000,332.1,296.1,1.0,1,3,3
4925000,332.1,296.1,1.0,1,3,3
4929000,332.4,296.1,1.0,1,3,3
4933000,332.7,296.1,1.0,1,3,3
4937000,333.3,295.5,1.0,1,3,3
4941000,333.2,294.8,1.0,1,3,3
4945000,333.5,294.7,1.0,1,3,3
4949000,333.8,294.6,1.0,1,3,3
4953000,334.4,294.6,1.0,1,1,1
4957000,334.7,294.6,1.0,1,1,1
4961000,335.8,294.6,1.0,1,1,1
4965000,336.3,294.7,1.0,1,1,1
4969000,336.0,294.6,1.0,1,1,1
4973000,335.6,294.7,1.0,1,1,1
4977000,335.6,294.8,1.0,1,1,1
4981000,335.6,294.9,1.0,1,1,1
4985000,335.9,295.0,1.0,1,1,1
4989000,336.7,295.6,1.0,1,1,1
4993000,336.9,295.6,1.0,1,1,1
4997000,337.0,295.6,1.0,1,1,1
5001000,337.0,295.6,1.0,1,1,1
5004000,337.8,295.4,1.0,1,1,1
5008000,337.7,295.5,1.0,1,1,1
5012000,337.6,295.5,1.0,1,1,1
5016000,337.5,295.5,1.0,1,1,1
5020000,337.4,295.7,1.0,1,1,1
5024000,337.5,295.7,1.0,1,1,1
5028000,337.6,295.6,1.0,1,1,1
5032000,337.9,295.6,1.0,1,1,1
5036000,337.8,295.4,1.0,1,1,1
5041000,337.8,294.9,1.0,1,1,1
5045000,337.8,294.9,1.0,1,1,1
5049000,337.6,294.7,1.0,1,1,1
5053000,337.5,294.4,1.0,1,1,1
5057000,337.5,294.3,1.0,1,1,1
5061000,337.7,294.3,1.0,1,1,1
5065000,337.8,294.6,1.0,1,1,1
5069000,337.7,294.4,1.0,1,1,1
5073000,337.7,294.7,1.0,1,1,1
5077000,337.4,294.4,1.0,1,1,1
5081000,337.6,294.1,1.0,1,1,1
5085000,337.8,293.9,1.0,1,1,1
5089000,337.9,293.9,1.0,1,1,1
5093000,337.9,293.9,1.0,1,1,1
5097000,338.0,294.2,1.0,1,1,1
5101000,338.3,294.2,1.0,1,1,1
5104000,338.3,294.2,1.0,1,1,1
5108000,338.2,294.4,1.0,1,1,1
5112000,338.1,295.1,1.0,1,1,1
5116000,337.9,295.8,1.0,1,1,1
5120000,337.9,295.8,1.0,1,1,1
5124000,337.8,295.9,1.0,1,1,1
5128000,337.9,296.1,1.0,1,1,1
5132000,337.7,296.0,1.0,1,1,1
5136000,337.8,295.9,1.0,1,1,1
5141000,337.9,295.9,1.0,1,1,1
5145000,337.9,296.3,1.0,1,1,1
5149000,337.9,296.4,1.0,1,1,1
5153000,337.7,296.5,1.0,1,1,1
5157000,337.9,296.5,1.0,1,1,1
5161000,338.0,296.5,1.0,1,1,1
5165000,338.1,297.0,1.0,1,1,1
5169000,338.1,296.9,1.0,1,1,1
5172000,338.0,296.9,1.0,1,1,1
5176000,338.0,298.3,1.0,1,1,1
5180000,337.9,299.7,1.0,1,1,1
5184000,337.5,299.5,1.0,1,1,1
5188000,337.0,299.4,1.0,1,1,1
5192000,337.2,299.6,1.0,1,1,1
5196000,337.5,299.0,1.0,1,1,1
5200000,338.0,299.0,1.0,1,1,1
5205000,344.2,299.6,1.0,2,2,2
5209000,356.4,300.8,1.0,2,2,2
5213000,380.6,303.1,1.0,2,2,2
5217000,417.4,311.7,1.0,2,2,2
5221000,420.3,315.7,1.0,2,2,2
5225000,419.8,315.8,1.0,2,2,2
5229000,419.4,315.0,1.0,2,2,2
5233000,404.3,313.2,1.0,2,2,2
5237000,405.8,311.1,1.0,2,2,2
5241000,407.4,310.4,1.0,2,2,2
5245000,410.8,312.1,1.0,2,2,2
5249000,418.8,314.1,1.0,2,1,1
5253000,426.6,316.5,1.0,2,1,1
5257000,426.6,316.8,1.0,1,1,1
5261000,426.6,317.1,1.0,1,1,1
5265000,426.4,317.3,1.0,1,1,1
5269000,426.0,317.4,1.0,1,1,1
5272000,425.6,317.4,1.0,1,1,1
5276000,424.9,317.1,1.0,1,1,1
5280000,424.5,316.8,1.0,1,1,1
5284000,424.1,316.8,1.0,1,1,1
5288000,424.6,316.8,1.0,1,1,1
5292000,425.1,316.8,1.0,1,1,1
5296000,425.2,316.7,1.0,1,1,1
5300000,425.2,316.7,1.0,1,1,1
5305000,424.9,316.8,1.0,1,1,1
5309000,425.1,316.9,1.0,1,1,1
5313000,425.3,316.9,1.0,1,1,1
5317000,425.3,316.9,1.0,1,1,1
5321000,425.4,316.8,1.0,1,1,1
5325000,425.5,316.8,1.0,1,1,1
5329000,425.7,316.8,1.0,1,1,1
5333000,425.5,317.2,1.0,1,1,1
5337000,425.2,317.1,1.0,1,1,1
5341000,425.1,317.4,1.0,1,1,1
5345000,425.0,317.4,1.0,1,1,1
5349000,425.0,317.3,1.0,1,1,1
5353000,424.9,317.4,1.0,1,1,1
5357000,424.9,317.7,1.0,1,1,1
5361000,424.9,317.5,1.0,1,1,1
5365000,424.9,317.6,1.0,1,1,1
5369000,424.9,317.6,1.0,1,1,1
5372000,424.9,317.8,1.0,1,1,1
5376000,424.9,317.8,1.0,1,1,1
5380000,425.1,317.8,1.0,1,1,1
5384000,425.1,317.7,1.0,1,1,1
5388000,425.2,317.7,1.0,1,1,1
5392000,425.3,317.4,1.0,1,1,1
5396000,425.4,317.7,1.0,1,1,1
5400000,425.3,317.8,1.0,1,1,1
5405000,425.2,317.8,1.0,1,1,1
5409000,424.9,318.2,1.0,1,1,1
5413000,425.1,318.0,1.0,1,1,1
5417000,425.2,318.0,1.0,1,1,1
5421000,425.3,318.1,1.0,1,1,1
5425000,425.2,318.1,1.0,1,1,1
5429000,425.1,318.1,1.0,1,1,1
5433000,424.9,319.8,1.0,1,1,1
5437000,424.9,321.7,1.0,1,1,1
5440000,424.9,321.2,1.0,1,1,1
5444000,424.9,320.6,1.0,1,1,1
5448000,425.0,319.4,1.0,1,1,1
5452000,425.0,319.5,1.0,1,1,1
5456000,425.0,319.6,1.0,1,1,1
5460000,424.8,319.7,1.0,1,1,1
5464000,424.8,319.6,1.0,1,1,1
5468000,424.8,319.6,1.0,1,1,1
5473000,424.6,320.0,1.0,1,1,1
5477000,424.5,320.4,1.0,1,1,1
5481000,424.3,320.5,1.0,1,1,1
5485000,424.1,320.6,1.0,1,1,1
5489000,424.0,324.1,1.0,1,1,1
5493000,424.0,323.9,1.0,1,1,1
5497000,424.0,323.6,1.0,1,1,1
5501000,423.5,323.0,1.0,1,1,1
5505000,422.9,322.3,1.0,1,1,1
5509000,422.6,321.8,1.0,1,1,1
5513000,422.2,321.6,1.0,1,1,1
5517000,422.0,321.3,1.0,1,1,1
5521000,421.7,320.5,1.0,1,1,1
5525000,421.1,320.2,1.0,1,1,1
5529000,421.0,320.0,1.0,1,1,1
5533000,420.9,319.3,1.0,1,1,1
5537000,420.6,318.4,1.0,1,1,1
5540000,420.2,318.2,1.0,1,1,1
5544000,419.5,317.9,1.0,1,1,1
5548000,419.6,318.0,1.0,1,1,1
5552000,419.7,317.5,1.0,1,1,1
5556000,419.9,317.0,1.0,1,1,1
5560000,419.2,315.9,1.0,1,1,1
5564000,419.2,315.9,1.0,1,1,1
5568000,419.1,315.9,1.0,1,1,1
5573000,418.5,314.6,1.0,1,1,1
5577000,417.6,314.2,1.0,1,1,1
5581000,417.6,313.8,1.0,1,1,1
5585000,417.6,314.1,1.0,1,1,1
5589000,417.6,314.2,1.0,1,1,1
5593000,417.4,314.3,1.0,1,1,1
5597000,417.2,315.7,1.0,1,1,1
5601000,417.0,316.3,1.0,1,1,1
5605000,416.5,316.3,1.0,1,1,1
5609000,416.0,316.2,1.0,1,1,1
5613000,415.6,316.0,1.0,1,1,1
5617000,415.2,315.9,1.0,1,1,1
5621000,415.1,313.6,1.0,1,1,1
5625000,415.0,313.1,1.0,1,1,1
5629000,415.0,312.6,1.0,1,1,1
5633000,414.9,312.5,1.0,1,1,1
5637000,414.8,312.9,1.0,1,1,1
5640000,414.8,313.3,1.0,1,1,1
5644000,414.7,313.1,1.0,1,1,1
5648000,414.6,313.3,1.0,1,1,1
5652000,414.7,313.4,1.0,1,1,1
5656000,414.4,313.5,1.0,1,1,1
5660000,414.4,313.6,1.0,1,1,1
5664000,414.1,313.6,1.0,1,1,1
5668000,413.7,313.1,1.0,1,1,1
5673000,413.1,312.5,1.0,1,1,1
5677000,412.9,312.3,1.0,1,1,1
5681000,412.9,312.2,1.0,1,1,1
5685000,412.9,312.2,1.0,1,1,1
5689000,412.9,311.9,1.0,1,1,1
5693000,412.9,312.2,1.0,1,1,1
5697000,412.7,312.2,1.0,1,1,1
5701000,412.5,312.2,1.0,1,1,1
5705000,412.6,312.0,1.0,1,1,1
5708000,412.5,311.9,1.0,1,1,1
5712000,412.4,311.9,1.0,1,1,1
5716000,412.3,311.8,1.0,1,1,1
5720000,412.2,311.8,1.0,1,1,1
5724000,412.1,311.6,1.0,1,1,1
5728000,411.9,311.4,1.0,1,1,1
5732000,412.1,311.3,1.0,1,1,1
5736000,412.3,311.8,1.0,1,1,1
5740000,412.2,311.5,1.0,1,1,1
5744000,412.2,311.1,1.0,1,1,1
5748000,413.6,311.1,1.0,1,1,1
5752000,414.0,311.0,1.0,1,1,1
5756000,413.7,310.0,1.0,1,1,1
5760000,413.9,309.8,1.0,1,1,1
5764000,414.1,309.6,1.0,1,1,1
5768000,414.0,309.4,1.0,1,1,1
5773000,413.8,309.0,1.0,1,1,1
5777000,413.5,309.0,1.0,1,1,1
5781000,413.1,309.0,1.0,1,1,1
5785000,412.5,309.2,1.0,1,1,1
5789000,411.6,309.4,1.0,1,1,1
5793000,411.4,309.5,1.0,1,1,1
5797000,411.0,309.7,1.0,1,1,1
5801000,408.3,310.2,1.0,2,2,2
5805000,391.2,314.1,1.0,2,2,2
5808000,352.2,315.8,1.0,2,2,2
5812000,280.3,314.5,1.0,2,2,2
5816000,209.7,312.6,1.0,2,2,2
5820000,154.1,315.8,1.0,2,2,2
5824000,118.9,313.2,1.0,2,2,2
5828000,90.2,323.7,1.0,2,2,2
5832000,69.1,322.3,1.0,2,2,2
5836000,62.6,322.0,1.0,2,2,2
5841000,60.2,321.5,1.0,2,2,2
5845000,59.3,322.0,1.0,2,2,2
5849000,58.4,322.4,1.0,1,1,1
5853000,56.1,323.3,1.0,1,1,1
5857000,53.9,327.6,1.0,1,1,1
5861000,47.3,335.7,1.0,1,1,1
5865000,36.5,338.5,1.0,1,1,1
5869000,32.9,341.7,1.0,1,1,1
5873000,32.8,345.4,1.0,1,1,1
5877000,32.8,345.5,1.0,1,1,1
5881000,33.6,345.7,1.0,1,1,1
5885000,34.1,346.8,1.0,1,1,1
5889000,34.6,347.4,1.0,1,1,1
5893000,34.1,347.7,1.0,1,1,1
5897000,33.5,348.8,1.0,1,1,1
5901000,32.5,349.7,1.0,1,1,1
5905000,31.8,349.6,1.0,1,1,1
5908000,29.8,351.5,1.0,1,1,1
5912000,29.6,352.5,1.0,1,1,1
5916000,29.4,353.5,1.0,1,1,1
5920000,28.7,353.5,1.0,1,1,1
5924000,28.1,353.6,1.0,1,1,1
5928000,27.5,354.6,1.0,1,1,1
5932000,26.9,354.6,1.0,1,1,1
5936000,26.1,354.5,1.0,1,1,1
5941000,25.1,355.3,1.0,1,1,1
5945000,24.7,356.2,1.0,1,1,1
5949000,24.4,356.5,1.0,1,1,1
5953000,24.2,356.8,1.0,1,1,1
5957000,24.1,356.8,1.0,1,1,1
5961000,23.6,356.6,1.0,1,1,1
5965000,23.2,357.2,1.0,1,1,1
5969000,23.2,357.7,1.0,1,1,1
5972000,23.3,357.8,1.0,1,1,1
5976000,23.5,357.8,1.0,1,1,1
5980000,23.6,358.3,1.0,1,1,1
5984000,23.7,358.4,1.0,1,1,1
5988000,24.4,358.7,1.0,1,1,1
5992000,26.6,358.1,1.0,1,1,1
5996000,27.1,357.3,1.0,1,1,1
6000000,43.4,357.6,1.0,2,2,2
6004000,79.1,346.3,1.0,2,2,2
6008000,133.0,340.1,1.0,2,2,2
6012000,194.0,319.5,1.0,2,2,2
6016000,243.9,316.8,1.0,2,2,2
6020000,282.5,318.4,1.0,2,2,2
6024000,307.6,307.7,1.0,2,2,2
6028000,328.2,306.6,1.0,2,2,2
6032000,327.9,305.3,1.0,2,2,2
6036000,327.7,305.1,1.0,2,2,2
6041000,322.9,305.1,1.0,2,2,2
6045000,326.0,306.0,1.0,2,2,2
6049000,329.2,306.5,1.0,2,2,2
6053000,336.6,306.8,1.0,2,2,2
6057000,352.3,308.6,1.0,2,2,2
6061000,355.3,309.3,1.0,2,2,2
6065000,355.9,310.4,1.0,2,2,2
6069000,354.2,310.3,1.0,2,1,1
6073000,352.5,310.9,1.0,1,1,1
6076000,350.1,310.5,1.0,1,1,1
6080000,348.8,310.2,1.0,1,1,1
6084000,348.8,309.6,1.0,1,1,1
6088000,348.9,309.7,1.0,1,1,1
6092000,349.4,309.7,1.0,1,1,1
6096000,349.7,309.8,1.0,1,1,1
6100000,350.1,310.8,1.0,1,1,1
6104000,350.4,310.2,1.0,1,1,1
6108000,350.6,310.0,1.0,1,1,1
6112000,350.8,310.1,1.0,1,1,1
6116000,350.8,309.8,1.0,1,1,1
6120000,349.3,309.6,1.0,1,1,1
6124000,349.0,309.5,1.0,1,1,1
6128000,349.4,309.6,1.0,1,1,1
6132000,349.8,309.6,1.0,1,1,1
6136000,350.0,309.7,1.0,1,1,1
6141000,351.4,310.3,1.0,1,1,1
6145000,351.3,310.8,1.0,1,1,1
6149000,351.5,310.4,1.0,1,1,1
6153000,351.7,310.1,1.0,1,1,1
6157000,351.4,309.7,1.0,1,1,1
6161000,351.1,309.4,1.0,1,1,1
6165000,351.0,309.3,1.0,1,1,1
6169000,351.3,309.2,1.0,1,1,1
6173000,351.5,308.7,1.0,1,1,1
6176000,351.6,308.7,1.0,1,1,1
6180000,351.5,308.8,1.0,1,1,1
6184000,351.3,308.9,1.0,1,1,1
6188000,351.0,309.0,1.0,1,1,1
6192000,351.2,309.1,1.0,1,1,1
6196000,351.4,309.6,1.0,1,1,1
6200000,351.8,310.1,1.0,1,1,1
6204000,352.6,311.6,1.0,1,1,1
6209000,352.7,311.7,1.0,1,1,1
6213000,352.8,311.9,1.0,1,1,1
6217000,352.9,311.9,1.0,1,1,1
6221000,353.1,311.8,1.0,1,1,1
6225000,353.6,312.0,1.0,1,1,1
6229000,353.6,311.7,1.0,1,1,1
6233000,353.6,311.3,1.0,1,1,1
6237000,353.6,311.4,1.0,1,1,1
6241000,353.7,311.0,1.0,1,1,1
6245000,353.8,310.6,1.0,1,1,1
6249000,353.8,309.7,1.0,1,1,1
6253000,353.8,308.8,1.0,1,1,1
6257000,353.5,308.4,1.0,1,1,1
6261000,353.4,308.2,1.0,1,1,1
6265000,353.5,308.1,1.0,1,1,1
6269000,353.5,307.5,1.0,1,1,1
6272000,353.3,306.8,1.0,1,1,1
6276000,353.0,306.8,1.0,1,1,1
6280000,353.1,306.6,1.0,1,1,1
6284000,353.1,306.5,1.0,1,1,1
6288000,353.3,306.2,1.0,1,1,1
6292000,353.5,303.8,1.0,1,1,1
6296000,354.5,303.3,1.0,1,1,1
6300000,354.6,303.3,1.0,1,1,1
6304000,354.7,303.3,1.0,4,1,4
6309000,356.6,301.3,1.0,4,1,4
6313000,361.5,299.3,1.0,4,4,4
6317000,366.4,295.2,1.0,4,4,4
6321000,371.8,294.7,1.0,4,4,4
6325000,368.5,294.7,1.0,4,4,4
6329000,365.1,294.8,1.0,4,4,4
6333000,368.8,288.5,1.0,4,4,4
6337000,372.5,285.8,1.0,4,4,4
6340000,375.3,284.7,1.0,4,4,4
6344000,376.6,284.2,1.0,4,4,4
6348000,377.2,284.0,1.0,4,4,4
6352000,377.8,283.8,1.0,4,4,4
6356000,385.9,290.7,1.0,4,4,4
6360000,403.5,305.9,1.0,4,4,4
6364000,424.4,345.7,1.0,4,4,4
6368000,443.7,386.9,1.0,4,4,4
6372000,460.6,422.7,1.0,4,4,4
6376000,464.9,438.6,1.0,4,4,4
6380000,466.0,442.6,1.0,4,4,4
6384000,467.0,446.6,1.0,4,4,4
6388000,468.1,450.6,1.0,4,4,4
6392000,469.1,454.6,1.0,4,4,4
6396000,469.1,454.6,1.0,4,4,4
6400000,0.0,0.0,0.0,4,4,4
6404000,0.0,0.0,0.0,4,4,4
6409000,0.0,0.0,0.0,4,4,4
6413000,0.0,0.0,0.0,4,4,4
6417000,0.0,0.0,0.0,4,4,4
6421000,409.2,414.4,1.0,4,4,4
6425000,409.0,414.2,1.0,4,4,4
6429000,409.9,406.2,1.0,4,4,4
6433000,410.7,398.1,1.0,4,4,4
6437000,412.4,382.1,1.0,4,4,4
6440000,413.1,349.9,1.0,4,4,4
6444000,412.3,321.0,1.0,4,4,4
6448000,411.2,301.5,1.0,4,4,4
6452000,407.6,280.3,1.0,4,4,4
6456000,407.0,262.7,1.0,4,4,4
6460000,405.1,244.4,1.0,4,4,4
6464000,404.9,230.6,1.0,4,4,4
6468000,404.8,231.1,1.0,4,4,4
6472000,405.2,231.7,1.0,4,4,4
6477000,405.4,233.0,1.0,4,4,4
6481000,405.8,233.1,1.0,4,4,4
6485000,405.9,233.2,1.0,4,4,4
6489000,406.1,233.5,1.0,4,4,4
6493000,406.5,233.9,1.0,4,4,4
6497000,406.5,233.9,1.0,4,4,4
6501000,406.5,234.0,1.0,4,4,4
6505000,406.5,234.0,1.0,4,4,4
6509000,406.7,233.9,1.0,4,4,4
6513000,406.7,234.0,1.0,4,4,4
6517000,406.8,234.0,1.0,4,4,4
6521000,425.4,237.1,1.0,4,4,4
6525000,425.5,240.8,1.0,4,4,4
6529000,425.3,248.4,1.0,4,4,4
6533000,425.2,250.6,1.0,4,4,4
6537000,425.1,257.5,1.0,4,4,4
6540000,425.5,261.9,1.0,4,4,4
6544000,425.8,267.1,1.0,4,4,4
6548000,426.6,267.8,1.0,4,4,4
6552000,427.0,268.5,1.0,4,4,4
6556000,426.9,269.7,1.0,4,4,4
6560000,426.8,270.3,1.0,4,4,4
6564000,425.9,270.8,1.0,4,4,4
6568000,425.1,270.9,1.0,4,4,4
6573000,422.5,270.9,1.0,4,4,4
6577000,420.9,270.8,1.0,4,4,4
6581000,419.1,271.0,1.0,4,4,4
6585000,417.3,271.2,1.0,4,4,4
6589000,416.0,271.1,1.0,4,4,4
6593000,414.7,271.5,1.0,4,4,4
6597000,412.2,271.9,1.0,4,1,4
6601000,411.6,272.1,1.0,1,1,1
6605000,410.4,272.3,1.0,1,1,1
6608000,408.7,272.4,1.0,1,1,1
6612000,406.8,272.1,1.0,1,1,1
6616000,406.1,272.2,1.0,1,1,1
6620000,405.5,272.3,1.0,1,1,1
6624000,404.9,272.2,1.0,1,1,1
6628000,404.4,272.4,1.0,1,1,1
6632000,404.0,272.3,1.0,1,1,1
6636000,403.9,272.3,1.0,1,1,1
6640000,403.7,272.2,1.0,1,1,1
6644000,402.7,272.3,1.0,1,1,1
6648000,401.5,271.6,1.0,1,1,1
6652000,401.5,271.5,1.0,1,1,1
6656000,401.6,271.3,1.0,1,1,1
6660000,401.7,271.5,1.0,1,1,1
6664000,401.6,271.1,1.0,1,1,1
6668000,401.6,271.2,1.0,1,1,1
6673000,401.6,271.3,1.0,1,1,1
6677000,401.5,271.3,1.0,1,1,1
6681000,401.5,271.4,1.0,1,1,1
6685000,401.5,272.1,1.0,1,1,1
6689000,400.8,272.7,1.0,1,1,1
6693000,400.5,272.9,1.0,1,1,1
6697000,400.2,273.2,1.0,1,1,1
6701000,399.9,274.7,1.0,1,1,1
6705000,399.7,275.0,1.0,1,1,1
6708000,399.6,275.3,1.0,1,1,1
6712000,399.5,275.7,1.0,1,1,1
6716000,399.3,276.2,1.0,1,1,1
6720000,399.0,277.2,1.0,1,1,1
6724000,398.8,278.0,1.0,1,1,1
6728000,398.5,278.7,1.0,1,1,1
6732000,398.2,279.6,1.0,1,1,1
6736000,397.9,281.1,1.0,1,1,1
6740000,397.8,281.5,1.0,1,1,1
6744000,398.7,282.2,1.0,1,1,1
6748000,398.9,282.0,1.0,1,1,1
6752000,399.1,282.0,1.0,1,1,1
6756000,399.2,282.2,1.0,1,1,1
6760000,399.3,282.2,1.0,1,1,1
6764000,399.4,284.0,1.0,1,1,1
6768000,399.6,285.0,1.0,1,1,1
6773000,399.6,285.8,1.0,1,1,1
6777000,399.8,286.1,1.0,1,1,1
6781000,399.8,286.4,1.0,1,1,1
6785000,399.8,286.6,1.0,1,1,1
6789000,399.9,287.3,1.0,1,1,1
6793000,399.9,288.0,1.0,1,1,1
6797000,400.0,288.2,1.0,1,1,1
6801000,400.0,288.4,1.0,1,1,1
6805000,399.2,289.3,1.0,1,1,1
6808000,398.4,289.6,1.0,1,1,1
6812000,398.3,289.7,1.0,1,1,1
6816000,398.3,289.6,1.0,1,1,1
6820000,397.9,289.5,1.0,1,1,1
6824000,397.8,289.3,1.0,1,1,1
6828000,397.8,288.8,1.0,1,1,1
6832000,398.0,288.3,1.0,1,1,1
6836000,397.9,288.2,1.0,1,1,1
6841000,397.9,288.2,1.0,1,1,1
6845000,397.9,288.6,1.0,1,1,1
6849000,397.7,289.0,1.0,1,1,1
6853000,397.6,290.1,1.0,1,1,1
6857000,397.6,290.8,1.0,1,1,1
6861000,397.6,290.9,1.0,1,1,1
6865000,397.7,291.0,1.0,1,1,1
6869000,397.1,291.9,1.0,1,1,1
6873000,397.0,292.3,1.0,1,1,1
6877000,397.3,292.4,1.0,1,1,1
6881000,397.7,292.5,1.0,1,1,1
6885000,397.4,292.5,1.0,1,1,1
6889000,397.3,292.5,1.0,1,1,1
6893000,397.2,292.5,1.0,1,1,1
6897000,397.2,292.5,1.0,1,1,1
6901000,397.1,292.5,1.0,1,1,1
6905000,396.8,291.1,1.0,1,1,1
6908000,397.2,290.5,1.0,1,1,1
6912000,397.5,290.3,1.0,1,1,1
6916000,397.6,290.2,1.0,1,1,1
6920000,397.5,289.7,1.0,1,1,1
6924000,397.7,289.5,1.0,1,1,1
6928000,397.6,290.7,1.0,1,1,1
6932000,397.6,292.0,1.0,1,1,1
6936000,397.2,294.3,1.0,1,1,1
6941000,397.0,296.4,1.0,1,1,1
6945000,396.7,297.1,1.0,1,1,1
6949000,396.7,297.7,1.0,1,1,1
6953000,396.8,297.8,1.0,1,1,1
6957000,396.8,297.9,1.0,1,1,1
6961000,396.8,299.4,1.0,1,1,1
6965000,397.2,299.1,1.0,1,1,1
6969000,397.4,299.4,1.0,1,1,1
6973000,397.5,299.3,1.0,1,1,1
6976000,397.6,299.2,1.0,1,1,1
6980000,397.7,299.1,1.0,1,1,1
6984000,397.8,299.0,1.0,1,1,1
6988000,397.9,298.5,1.0,1,1,1
6992000,398.1,298.4,1.0,1,1,1
6996000,398.3,298.3,1.0,1,1,1
7000000,399.8,298.0,1.0,1,1,1
7004000,400.2,297.5,1.0,1,1,1
7008000,400.3,297.5,1.0,1,1,1
7012000,400.2,297.5,1.0,1,1,1
7016000,400.0,296.9,1.0,1,1,1
7020000,400.1,297.1,1.0,1,1,1
7024000,400.2,297.1,1.0,1,1,1
7028000,400.7,297.4,1.0,1,1,1
7032000,400.3,297.7,1.0,1,1,1
7036000,400.5,297.7,1.0,1,1,1
7041000,400.7,297.6,1.0,1,1,1
7045000,401.5,297.5,1.0,1,1,1
7049000,401.2,297.4,1.0,1,1,1
7053000,401.1,297.4,1.0,1,1,1
7057000,401.0,297.4,1.0,1,1,1
7061000,401.0,297.5,1.0,1,1,1
7065000,401.3,297.7,1.0,1,1,1
7069000,402.6,297.9,1.0,1,1,1
7073000,405.7,300.0,1.0,2,1,2
7076000,408.2,301.5,1.0,2,1,2
7080000,417.3,305.6,1.0,2,1,2
7084000,425.9,313.1,1.0,2,1,2
7088000,425.0,315.8,1.0,2,1,2
7092000,424.1,315.6,1.0,2,1,2
7096000,421.3,315.3,1.0,2,1,2
7100000,420.2,313.7,1.0,2,1,2
7104000,419.8,312.8,1.0,2,1,2
7108000,421.1,312.9,1.0,1,1,1
7112000,422.5,313.5,1.0,1,1,1
7116000,424.3,314.2,1.0,1,1,1
7120000,426.2,316.5,1.0,1,1,1
7124000,427.5,317.3,1.0,1,1,1
7128000,427.6,318.1,1.0,1,1,1
7132000,427.6,319.6,1.0,1,1,1
7136000,427.2,319.7,1.0,1,1,1
7141000,426.8,320.0,1.0,1,1,1
7145000,426.6,320.1,1.0,1,1,1
7149000,426.6,319.7,1.0,1,1,1
7153000,426.6,319.3,1.0,1,1,1
7157000,427.4,319.2,1.0,1,1,1
7161000,427.6,319.2,1.0,1,1,1
7165000,427.6,319.3,1.0,1,1,1
7169000,427.7,319.3,1.0,1,1,1
7173000,427.9,320.3,1.0,1,1,1
7176000,427.9,320.4,1.0,1,1,1
7180000,427.9,321.2,1.0,1,1,1
7184000,428.0,322.0,1.0,1,1,1
7188000,428.6,322.1,1.0,1,1,1
7192000,429.2,322.2,1.0,1,1,1
7196000,429.5,322.2,1.0,1,1,1
7200000,429.4,322.1,1.0,1,2,1
7204000,429.2,322.5,1.0,1,2,1
7209000,428.8,322.5,1.0,1,2,1
7213000,428.4,322.4,1.0,1,2,1
7217000,427.0,322.2,1.0,1,2,1
7221000,406.7,317.9,1.0,2,2,2
7225000,365.2,303.7,1.0,2,2,2
7229000,318.9,277.8,1.0,2,2,2
7233000,314.4,257.5,1.0,2,2,2
7237000,313.3,257.3,1.0,2,2,2
7241000,318.9,257.8,1.0,2,1,1
7245000,324.4,258.4,1.0,2,1,1
7249000,325.2,258.6,1.0,2,1,1
7253000,325.2,259.6,1.0,2,1,1
7257000,325.2,265.1,1.0,2,1,1
7261000,318.1,265.7,1.0,1,1,1
7265000,308.3,264.4,1.0,1,1,1
7269000,307.1,264.0,1.0,1,1,1
7273000,305.8,262.0,1.0,1,1,1
7277000,306.2,261.9,1.0,1,1,1
7281000,306.6,262.4,1.0,1,1,1
7285000,307.8,263.0,1.0,1,1,1
7289000,308.5,264.2,1.0,1,1,1
7293000,308.7,264.8,1.0,1,1,1
7297000,308.7,265.5,1.0,1,1,1
7301000,308.8,266.2,1.0,1,1,1
7305000,308.9,266.5,1.0,1,1,1
7309000,309.3,266.8,1.0,1,1,1
7313000,309.7,267.1,1.0,1,1,1
7317000,310.0,267.4,1.0,1,1,1
7321000,310.1,268.0,1.0,1,1,1
7325000,310.5,268.2,1.0,1,1,1
7329000,310.7,268.3,1.0,1,1,1
7333000,310.9,268.4,1.0,1,1,1
7337000,311.0,268.3,1.0,1,1,1
7340000,311.2,268.3,1.0,1,1,1
7344000,311.3,268.1,1.0,1,1,1
7348000,311.4,268.1,1.0,1,1,1
7352000,311.6,268.1,1.0,1,1,1
7356000,311.3,268.2,1.0,1,1,1
7360000,311.1,268.3,1.0,1,1,1
7364000,310.8,268.2,1.0,1,1,1
7368000,310.5,268.2,1.0,1,1,1
7372000,310.5,268.2,1.0,1,1,1
7376000,310.6,268.7,1.0,1,1,1
7380000,310.7,269.1,1.0,1,1,1
7384000,310.7,269.2,1.0,1,1,1
7388000,310.7,268.9,1.0,1,1,1
7392000,310.4,268.5,1.0,1,1,1
7396000,310.2,268.9,1.0,1,1,1
7400000,309.0,269.1,1.0,1,1,1
7404000,308.7,269.5,1.0,1,1,1
7409000,308.6,269.5,1.0,1,1,1
7413000,308.5,269.6,1.0,1,1,1
7417000,308.6,270.2,1.0,1,1,1
7421000,308.6,270.8,1.0,1,1,1
7425000,308.9,271.0,1.0,1,1,1
7429000,309.0,271.0,1.0,1,1,1
7433000,309.0,271.0,1.0,1,1,1
7437000,309.0,271.0,1.0,1,1,1
7440000,309.0,270.7,1.0,1,1,1
7444000,308.6,270.6,1.0,1,1,1
7448000,308.3,270.3,1.0,1,1,1
7452000,308.3,270.1,1.0,1,1,1
7456000,308.4,270.1,1.0,1,1,1
7460000,308.1,270.1,1.0,1,1,1
7464000,307.9,270.0,1.0,1,1,1
7468000,308.3,270.0,1.0,1,1,1
7472000,308.6,270.0,1.0,1,1,1
7476000,309.3,270.1,1.0,1,1,1
7480000,309.4,269.0,1.0,1,1,1
7484000,309.4,268.9,1.0,1,1,1
7488000,309.8,268.9,1.0,1,1,1
7492000,310.3,269.1,1.0,1,1,1
7496000,310.2,269.3,1.0,1,1,1
7500000,310.1,269.5,1.0,1,1,1
7504000,309.8,270.6,1.0,1,1,1
7508000,307.0,271.4,1.0,2,2,2
7512000,294.0,292.0,1.0,2,2,2
7516000,263.2,326.3,1.0,2,2,2
7520000,225.7,377.4,1.0,2,2,2
7524000,216.9,433.2,1.0,2,2,2
7528000,214.6,475.2,1.0,2,2,2
7532000,220.3,503.8,1.0,2,2,2
7536000,227.4,503.4,1.0,2,2,2
7540000,237.4,503.2,1.0,2,2,2
7544000,236.2,497.8,1.0,2,2,2
7548000,235.4,484.8,1.0,2,2,2
7552000,230.0,478.9,1.0,2,2,2
7556000,223.7,484.2,1.0,2,2,2
7560000,220.8,489.8,1.0,2,2,2
7564000,221.2,508.9,1.0,2,2,2
7568000,222.2,516.7,1.0,2,2,2
7572000,225.7,519.0,1.0,2,2,2
7577000,226.0,520.0,1.0,2,2,2
7581000,226.3,518.8,1.0,1,1,1
7585000,226.7,517.7,1.0,1,1,1
7589000,227.2,516.6,1.0,1,1,1
7593000,227.0,515.4,1.0,1,1,1
7597000,226.7,515.0,1.0,1,1,1
7601000,226.1,515.1,1.0,1,1,1
7605000,226.0,515.1,1.0,1,1,1
7608000,225.8,515.5,1.0,1,1,1
7612000,226.1,515.9,1.0,1,1,1
7616000,226.3,516.0,1.0,1,1,1
7620000,227.3,516.4,1.0,1,1,1
7624000,227.6,516.7,1.0,1,1,1
7628000,227.9,517.0,1.0,1,1,1
7632000,228.2,517.2,1.0,1,1,1
7636000,228.4,517.8,1.0,1,1,1
7640000,228.7,518.0,1.0,1,1,1
7644000,228.7,517.8,1.0,1,1,1
7648000,228.7,517.6,1.0,1,1,1
7652000,229.1,517.6,1.0,1,1,1
7656000,229.5,517.7,1.0,1,1,1
7660000,229.5,517.3,1.0,1,1,1
7664000,229.5,516.9,1.0,1,1,1
7668000,229.1,516.6,1.0,1,1,1
7672000,229.0,516.7,1.0,1,1,1
7677000,229.0,516.3,1.0,1,1,1
7681000,228.8,516.3,1.0,1,1,1
7685000,229.2,516.2,1.0,1,1,1
7689000,229.1,515.9,1.0,1,1,1
7693000,228.9,515.8,1.0,1,1,1
7697000,229.0,515.7,1.0,1,1,1
7701000,229.0,515.2,1.0,1,1,1
7705000,229.0,514.8,1.0,1,1,1
7708000,228.9,514.6,1.0,1,1,1
7712000,228.9,514.5,1.0,1,1,1
7716000,228.3,514.4,1.0,1,1,1
7720000,228.2,513.7,1.0,1,1,1
7724000,228.1,513.0,1.0,1,1,1
7728000,228.1,512.9,1.0,1,1,1
7732000,228.1,512.9,1.0,1,1,1
7736000,228.1,513.2,1.0,1,1,1
7740000,227.8,513.5,1.0,1,1,1
7744000,227.8,514.1,1.0,1,1,1
7748000,227.9,514.2,1.0,1,1,1
7752000,228.3,514.0,1.0,1,1,1
7756000,228.4,513.8,1.0,1,1,1
7760000,228.4,513.5,1.0,1,1,1
7764000,228.5,513.1,1.0,1,1,1
7768000,228.6,512.7,1.0,1,1,1
7772000,228.6,512.3,1.0,1,1,1
7777000,228.6,511.9,1.0,1,1,1
7781000,228.5,511.8,1.0,1,2,1
7785000,228.5,511.7,1.0,1,2,1
7789000,228.2,512.3,1.0,1,2,1
7793000,228.7,513.0,1.0,1,2,1
7797000,229.4,509.5,1.0,2,2,2
7801000,231.0,506.1,1.0,2,2,2
7805000,247.8,500.6,1.0,2,2,2
7808000,276.3,468.7,1.0,2,2,2
7812000,303.8,412.0,1.0,2,2,2
7816000,328.5,369.3,1.0,2,2,2
7820000,331.9,340.9,1.0,2,2,2
7824000,335.4,318.0,1.0,2,2,2
7828000,340.4,295.9,1.0,2,2,2
7832000,348.1,283.3,1.0,2,2,2
7836000,356.6,285.8,1.0,2,2,2
7840000,360.7,287.8,1.0,2,2,2
7845000,362.0,289.9,1.0,2,2,2
7849000,366.3,290.4,1.0,2,2,2
7853000,371.2,287.4,1.0,2,2,2
7857000,372.2,284.1,1.0,2,2,2
7861000,372.7,280.1,1.0,2,2,2
7865000,372.6,277.7,1.0,2,2,2
7869000,372.6,277.7,1.0,2,2,2
7873000,372.0,277.9,1.0,1,1,1
7877000,371.7,278.2,1.0,1,1,1
7881000,371.6,279.4,1.0,1,1,1
7885000,371.5,279.9,1.0,1,1,1
7889000,371.4,281.8,1.0,1,1,1
7893000,371.3,283.0,1.0,1,1,1
7897000,371.4,284.5,1.0,1,1,1
7901000,371.4,284.5,1.0,1,1,1
7905000,371.8,284.7,1.0,1,1,1
7908000,371.8,284.6,1.0,1,1,1
7912000,371.7,284.5,1.0,1,1,1
7916000,371.6,284.5,1.0,1,1,1
7920000,371.3,284.5,1.0,1,1,1
7924000,371.1,284.5,1.0,1,1,1
7928000,370.9,284.6,1.0,1,1,1
7932000,370.9,284.6,1.0,1,1,1
7936000,370.9,284.5,1.0,1,1,1
7941000,369.2,284.2,1.0,1,1,1
7945000,369.2,284.1,1.0,1,1,1
7949000,369.3,284.0,1.0,1,1,1
7953000,369.4,283.5,1.0,1,1,1
7957000,370.3,283.6,1.0,1,1,1
7961000,370.6,283.8,1.0,1,1,1
7965000,370.8,283.1,1.0,1,1,1
7969000,370.9,282.8,1.0,1,1,1
7973000,371.0,282.7,1.0,1,1,1
7976000,371.2,282.7,1.0,1,1,1
7980000,371.1,282.2,1.0,1,1,1
7984000,371.0,282.0,1.0,1,1,1
7988000,370.9,282.2,1.0,1,1,1
7992000,370.9,282.4,1.0,1,1,1
7996000,371.0,282.8,1.0,1,1,1
8000000,371.0,282.8,1.0,1,1,1
8004000,371.1,282.9,1.0,1,1,1
8008000,370.5,283.1,1.0,1,1,1
8012000,370.5,283.3,1.0,1,1,1
8016000,370.6,283.5,1.0,1,1,1
8020000,370.3,283.3,1.0,1,1,1
8024000,370.1,283.2,1.0,1,1,1
8028000,369.9,283.2,1.0,1,1,1
8032000,369.9,283.2,1.0,1,1,1
8036000,369.9,283.2,1.0,1,1,1
8041000,370.3,283.2,1.0,1,1,1
8045000,370.3,283.0,1.0,1,1,1
8049000,370.4,283.0,1.0,1,1,1
8053000,370.0,283.6,1.0,1,2,1
8057000,369.7,284.3,1.0,1,2,1
8061000,368.8,294.9,1.0,2,2,2
8065000,352.1,315.5,1.0,2,2,2
8069000,317.0,350.5,1.0,2,2,2
8073000,269.9,396.7,1.0,2,2,2
8076000,243.4,443.4,1.0,2,2,2
8080000,229.5,472.5,1.0,2,2,2
8084000,230.6,500.1,1.0,2,2,2
8088000,232.6,507.0,1.0,2,2,2
8092000,238.1,507.2,1.0,2,2,2
8096000,241.0,507.1,1.0,2,2,2
8100000,239.8,494.4,1.0,2,2,2
8104000,238.3,489.4,1.0,2,2,2
8108000,229.0,500.9,1.0,2,2,2
8112000,227.0,513.3,1.0,2,2,2
8116000,226.5,528.2,1.0,2,2,2
8120000,226.2,538.3,1.0,2,2,2
8124000,228.8,539.1,1.0,2,2,2
8128000,231.6,539.1,1.0,2,2,2
8132000,232.7,538.9,1.0,2,2,2
8136000,233.9,537.8,1.0,2,2,2
8140000,234.4,536.1,1.0,2,2,2
8145000,234.9,536.0,1.0,2,1,1
8149000,234.9,536.4,1.0,1,1,1
8153000,234.7,536.8,1.0,1,1,1
8157000,234.8,536.9,1.0,1,1,1
8161000,234.9,536.6,1.0,1,1,1
8165000,235.3,536.4,1.0,1,1,1
8169000,236.0,536.3,1.0,1,1,1
8173000,236.7,536.1,1.0,1,1,1
8176000,236.7,535.4,1.0,1,1,1
8180000,236.7,534.7,1.0,1,1,1
8184000,239.3,533.5,1.0,1,1,1
8188000,240.2,533.1,1.0,1,1,1
8192000,240.7,532.8,1.0,1,1,1
8196000,241.1,532.0,1.0,1,1,1
8200000,241.9,531.3,1.0,1,1,1
8204000,242.8,531.5,1.0,1,1,1
8209000,246.3,531.9,1.0,1,1,1
8213000,246.2,531.4,1.0,1,1,1
8217000,246.5,530.9,1.0,1,1,1
8221000,246.5,530.2,1.0,1,1,1
8225000,246.5,529.5,1.0,1,1,1
8229000,246.4,529.4,1.0,1,1,1
8233000,246.3,529.5,1.0,1,1,1
8237000,246.2,529.5,1.0,1,1,1
8241000,246.4,529.7,1.0,1,1,1
8244000,246.3,529.9,1.0,1,1,1
8248000,246.5,530.5,1.0,1,1,1
8252000,246.7,530.8,1.0,1,1,1
8256000,247.2,531.2,1.0,1,1,1
8260000,247.4,531.6,1.0,1,1,1
8264000,247.4,531.2,1.0,1,1,1
8268000,247.4,531.5,1.0,1,1,1
8272000,248.3,531.8,1.0,1,1,1
8276000,249.2,532.0,1.0,1,1,1
8280000,249.2,532.9,1.0,1,1,1
8284000,249.1,533.8,1.0,1,1,1
8288000,249.1,534.4,1.0,1,1,1
8292000,249.1,534.2,1.0,1,1,1
8296000,249.1,534.5,1.0,1,1,1
8300000,249.6,534.5,1.0,1,1,1
8304000,250.0,534.5,1.0,1,1,1
8309000,250.2,534.0,1.0,1,1,1
8313000,250.3,534.0,1.0,1,1,1
8317000,250.7,534.0,1.0,1,1,1
8321000,250.8,534.3,1.0,1,1,1
8325000,251.0,533.6,1.0,1,1,1
8329000,251.1,532.9,1.0,1,1,1
8333000,251.1,531.2,1.0,1,1,1
8337000,251.0,531.3,1.0,1,1,1
8341000,251.0,531.4,1.0,1,1,1
8344000,250.9,531.8,1.0,1,1,1
8348000,250.9,532.7,1.0,1,1,1
8352000,250.8,534.3,1.0,1,1,1
8356000,250.9,534.2,1.0,1,1,1
8360000,250.9,534.5,1.0,1,1,1
8364000,250.0,534.0,1.0,1,1,1
8368000,249.0,533.4,1.0,1,1,1
8372000,247.1,532.1,1.0,1,1,1
8376000,240.4,527.3,1.0,1,1,1
8380000,239.3,517.9,1.0,1,1,1
8384000,239.3,518.0,1.0,1,1,1
8388000,241.1,518.3,1.0,1,1,1
8392000,242.8,521.6,1.0,1,1,1
8396000,242.1,522.3,1.0,1,1,1
8400000,241.5,522.4,1.0,1,1,1
8404000,240.3,521.5,1.0,1,1,1
8409000,239.8,520.7,1.0,1,1,1
8413000,239.4,520.3,1.0,1,1,1
8417000,238.5,518.8,1.0,1,1,1
8421000,237.7,517.3,1.0,1,1,1
8425000,237.5,517.0,1.0,1,1,1
8429000,236.1,516.6,1.0,1,1,1
8433000,236.0,516.8,1.0,1,1,1
8437000,236.0,517.1,1.0,1,1,1
8441000,235.9,518.4,1.0,1,1,1
8444000,236.0,518.2,1.0,1,1,1
8448000,236.0,518.0,1.0,1,1,1
8452000,236.2,517.5,1.0,1,1,1
8456000,236.4,517.4,1.0,1,1,1
8460000,236.9,516.5,1.0,1,1,1
8464000,237.5,516.7,1.0,1,1,1
8468000,238.1,516.8,1.0,1,1,1
8472000,238.6,516.2,1.0,1,1,1
8476000,239.3,515.6,1.0,1,1,1
8480000,239.9,515.7,1.0,1,1,1
8484000,239.5,515.6,1.0,1,1,1
8488000,239.3,515.6,1.0,1,1,1
8492000,239.3,515.4,1.0,1,1,1
8496000,239.7,515.1,1.0,1,1,1
8500000,239.7,514.9,1.0,1,1,1
8504000,239.8,514.8,1.0,1,1,1
8508000,240.0,513.9,1.0,1,1,1
8512000,240.0,513.6,1.0,1,1,1
8516000,240.5,513.3,1.0,1,1,1
8520000,241.1,511.8,1.0,1,1,1
8524000,241.3,511.2,1.0,1,1,1
8528000,241.5,510.7,1.0,1,1,1
8532000,241.5,510.6,1.0,1,1,1
8536000,241.5,511.0,1.0,1,1,1
8540000,241.4,511.1,1.0,1,1,1
8544000,241.4,511.1,1.0,1,1,1
8548000,241.5,511.1,1.0,1,1,1
8552000,241.6,510.9,1.0,1,1,1
8556000,242.1,510.8,1.0,1,1,1
8560000,242.6,510.2,1.0,1,1,1
8564000,242.5,510.1,1.0,1,1,1
8568000,242.4,510.0,1.0,1,1,1
8572000,242.4,510.1,1.0,1,1,1
8577000,242.3,509.9,1.0,1,1,1
8581000,242.5,509.9,1.0,1,1,1
8585000,242.6,509.9,1.0,1,1,1
8589000,242.4,509.8,1.0,1,1,1
8593000,242.5,509.8,1.0,1,1,1
8597000,242.1,509.8,1.0,1,1,1
8601000,242.2,509.5,1.0,1,1,1
8605000,242.1,509.3,1.0,1,1,1
8608000,242.0,509.1,1.0,1,1,1
8612000,241.9,509.3,1.0,1,1,1
8616000,241.8,509.5,1.0,1,1,1
8620000,241.8,509.4,1.0,1,1,1
8624000,241.7,509.4,1.0,1,1,1
8628000,241.7,509.7,1.0,1,1,1
8632000,241.7,510.0,1.0,1,1,1
8636000,241.5,509.7,1.0,1,1,1
8640000,241.5,509.4,1.0,1,1,1
8644000,241.4,509.2,1.0,1,1,1
8648000,241.6,509.0,1.0,1,1,1
8652000,241.8,509.0,1.0,1,1,1
8656000,242.0,508.8,1.0,1,1,1
8660000,242.0,508.8,1.0,2,1,1
8664000,242.2,508.8,1.0,2,1,2
8668000,242.5,509.0,1.0,2,1,2
8672000,248.2,511.8,1.0,2,1,2
8677000,258.6,520.5,1.0,2,1,2
8681000,264.6,525.2,1.0,2,1,2
8685000,266.3,528.7,1.0,2,1,2
8689000,264.6,528.3,1.0,2,1,2
8693000,262.9,528.0,1.0,2,1,2
8697000,262.1,526.9,1.0,2,1,2
8701000,262.3,526.7,1.0,2,1,1
8705000,262.4,527.3,1.0,2,1,1
8709000,263.6,528.0,1.0,1,1,1
8712000,264.8,529.9,1.0,1,1,1
8716000,265.9,530.3,1.0,1,1,1
8720000,265.8,530.5,1.0,1,1,1
8724000,265.7,530.7,1.0,1,1,1
8728000,265.1,530.9,1.0,1,1,1
8732000,264.1,530.8,1.0,1,1,1
8736000,263.3,530.6,1.0,1,1,1
8740000,263.5,530.4,1.0,1,1,1
8744000,263.6,530.3,1.0,1,1,1
8748000,263.8,530.4,1.0,1,1,1
8752000,264.0,530.3,1.0,1,1,1
8756000,264.1,530.3,1.0,1,1,1
8760000,264.2,530.2,1.0,1,1,1
8764000,264.9,530.5,1.0,1,1,1
8768000,265.6,530.8,1.0,1,1,1
8772000,265.5,530.7,1.0,1,1,1
8777000,265.9,531.0,1.0,1,1,1
8781000,265.8,531.3,1.0,1,1,1
8785000,265.7,531.3,1.0,1,1,1
8789000,265.7,531.3,1.0,1,1,1
8793000,265.7,531.3,1.0,1,1,1
8797000,266.1,531.5,1.0,1,1,1
8801000,266.1,531.6,1.0,1,1,1
8805000,266.1,531.6,1.0,1,1,1
8808000,266.2,531.5,1.0,1,1,1
8812000,266.3,531.3,1.0,1,1,1
8816000,266.2,531.4,1.0,1,1,1
8820000,266.4,531.0,1.0,1,1,1
8824000,266.6,530.8,1.0,1,1,1
8828000,266.6,530.6,1.0,1,1,1
8832000,266.2,530.3,1.0,1,1,1
8836000,266.0,530.2,1.0,1,1,1
8840000,266.1,530.1,1.0,1,1,1
8844000,265.8,530.4,1.0,1,1,1
8848000,265.6,530.6,1.0,1,1,1
8852000,265.1,531.4,1.0,1,1,1
8856000,264.7,531.3,1.0,1,1,1
8860000,264.2,531.6,1.0,1,1,1
8864000,264.1,531.7,1.0,1,1,1
8868000,263.9,532.3,1.0,1,1,1
8872000,263.9,532.2,1.0,1,1,1
8876000,263.9,532.6,1.0,1,1,1
8880000,264.1,532.5,1.0,1,1,1
8884000,264.3,532.5,1.0,1,1,1
8888000,264.8,532.6,1.0,1,1,1
8892000,265.4,532.1,1.0,1,1,1
8896000,266.3,531.6,1.0,1,1,1
8900000,266.0,531.7,1.0,1,1,1
8904000,266.3,531.9,1.0,1,1,1
8908000,266.3,532.0,1.0,1,1,1
8912000,266.3,532.0,1.0,1,1,1
8916000,266.8,531.9,1.0,1,1,1
8920000,266.9,532.1,1.0,1,1,1
8924000,266.9,532.4,1.0,1,1,1
8928000,267.2,532.4,1.0,1,1,1
8932000,267.4,532.3,1.0,1,1,1
8936000,267.8,532.4,1.0,1,1,1
8940000,268.1,532.2,1.0,1,1,1
8945000,268.0,532.8,1.0,1,1,1
8949000,267.9,533.0,1.0,1,1,1
8953000,268.0,533.2,1.0,1,1,1
8957000,268.1,533.7,1.0,1,1,1
8961000,268.0,533.8,1.0,1,1,1
8965000,267.9,533.6,1.0,1,1,1
8969000,267.8,533.5,1.0,1,1,1
8973000,267.9,533.4,1.0,1,1,1
8976000,268.1,533.5,1.0,1,1,1
8980000,268.4,533.2,1.0,1,1,1
8984000,268.9,533.2,1.0,1,1,1
8988000,269.4,533.5,1.0,1,1,1
8992000,271.1,533.8,1.0,1,1,1
8996000,272.3,534.5,1.0,1,1,1
9000000,272.5,534.8,1.0,1,1,1
9004000,273.8,535.2,1.0,1,1,1
9008000,276.7,535.6,1.0,1,1,1
9012000,278.6,535.7,1.0,1,2,1
9016000,281.4,536.4,1.0,1,2,1
9020000,285.7,537.3,1.0,2,2,2
9024000,285.8,537.5,1.0,2,2,2
9028000,287.0,537.8,1.0,2,2,2
9032000,285.6,538.3,1.0,2,2,2
9036000,284.2,538.8,1.0,2,2,2
9040000,280.7,544.8,1.0,2,2,2
9044000,254.8,570.0,1.0,2,2,2
9048000,240.5,601.2,1.0,2,2,2
9052000,234.4,633.9,1.0,2,2,2
9056000,236.0,636.9,1.0,2,2,2
9060000,237.6,639.9,1.0,2,2,2
9064000,239.1,643.2,1.0,2,2,2
9068000,239.9,644.9,1.0,2,2,2
9072000,238.8,617.7,1.0,2,2,2
9076000,235.8,594.1,1.0,2,2,2
9080000,236.2,599.6,1.0,2,2,2
9084000,235.8,610.5,1.0,2,2,2
9088000,235.3,625.1,1.0,2,2,2
9092000,235.7,633.1,1.0,2,2,2
9096000,236.8,635.1,1.0,2,2,2
9100000,236.5,636.8,1.0,2,2,2
9104000,236.2,640.5,1.0,1,1,1
9108000,236.1,640.9,1.0,1,1,1
9112000,235.9,644.4,1.0,1,1,1
9116000,234.8,646.7,1.0,1,1,1
9120000,233.8,647.6,1.0,1,1,1
9124000,232.5,649.5,1.0,1,1,1
9128000,232.1,651.0,1.0,1,1,1
9132000,231.5,652.9,1.0,1,1,1
9136000,231.4,652.9,1.0,1,1,1
9140000,231.3,654.2,1.0,1,1,1
9144000,231.8,658.4,1.0,1,1,1
9148000,232.5,659.2,1.0,1,1,1
9152000,232.6,659.4,1.0,1,1,1
9156000,232.7,659.7,1.0,1,1,1
9160000,232.7,659.7,1.0,1,1,1
9164000,232.9,659.8,1.0,1,1,1
9168000,233.0,660.3,1.0,1,1,1
9172000,233.0,660.9,1.0,1,1,1
9176000,233.2,662.0,1.0,1,1,1
9180000,233.6,662.2,1.0,1,1,1
9184000,233.9,662.4,1.0,1,1,1
9188000,234.0,667.3,1.0,1,1,1
9192000,234.3,668.3,1.0,1,1,1
9196000,234.7,669.3,1.0,1,1,1
9200000,234.7,669.5,1.0,1,1,1
9204000,234.7,669.5,1.0,1,1,1
9209000,235.1,669.7,1.0,1,1,1
9213000,235.5,669.9,1.0,1,1,1
9217000,235.5,670.2,1.0,1,1,1
9221000,235.6,670.6,1.0,1,1,1
9225000,235.7,671.0,1.0,1,1,1
9229000,235.8,671.0,1.0,1,1,1
9233000,235.7,671.0,1.0,1,1,1
9237000,236.0,670.3,1.0,1,1,1
9241000,235.7,670.4,1.0,1,1,1
9244000,236.1,670.3,1.0,1,1,1
9248000,236.0,670.2,1.0,1,1,1
9252000,236.2,670.4,1.0,1,1,1
9256000,236.0,670.2,1.0,1,1,1
9260000,236.4,670.0,1.0,1,1,1
9264000,236.8,669.4,1.0,1,1,1
9268000,237.0,668.7,1.0,1,1,1
9272000,237.1,668.0,1.0,1,1,1
9276000,237.1,667.1,1.0,1,1,1
9280000,237.3,666.7,1.0,1,1,1
9284000,237.5,666.4,1.0,1,1,1
9288000,238.5,666.0,1.0,1,1,1
9292000,238.8,665.5,1.0,1,1,1
9296000,239.0,664.8,1.0,1,1,1
9300000,238.9,664.2,1.0,1,1,1
9304000,239.0,662.0,1.0,1,1,1
9308000,239.3,661.8,1.0,1,1,1
9313000,239.0,660.2,1.0,1,1,1
9317000,239.0,660.0,1.0,1,1,1
9321000,239.0,659.8,1.0,1,1,1
9325000,239.4,659.3,1.0,1,1,1
9329000,239.8,659.4,1.0,1,1,1
9333000,240.1,659.2,1.0,1,1,1
9337000,239.6,659.0,1.0,1,1,1
9341000,239.9,658.6,1.0,1,1,1
9344000,239.6,658.1,1.0,1,1,1
9348000,239.4,658.2,1.0,1,1,1
9352000,239.2,657.9,1.0,1,1,1
9356000,239.9,657.7,1.0,1,1,1
9360000,240.6,657.1,1.0,1,1,1
9364000,240.9,656.5,1.0,1,1,1
9368000,241.1,656.6,1.0,1,1,1
9372000,241.2,656.7,1.0,1,1,1
9376000,241.3,656.8,1.0,1,1,1
9380000,241.3,656.7,1.0,1,1,1
9384000,241.2,656.6,1.0,1,1,2
9388000,246.0,649.8,1.0,2,2,2
9392000,257.9,617.0,1.0,2,2,2
9396000,264.1,575.6,1.0,2,2,2
9400000,266.6,541.6,1.0,2,2,2
9404000,267.5,515.0,1.0,2,2,2
9408000,267.8,503.7,1.0,2,2,2
9412000,266.5,487.2,1.0,2,2,2
9416000,266.2,486.7,1.0,2,2,2
9420000,266.4,488.3,1.0,1,1,1
9424000,266.7,489.8,1.0,1,1,1
9428000,267.9,492.9,1.0,1,1,1
9432000,268.5,493.1,1.0,1,1,1
9436000,268.7,489.6,1.0,1,1,1
9440000,268.6,486.1,1.0,1,1,1
9444000,268.5,484.5,1.0,1,1,1
9448000,268.4,484.7,1.0,1,1,1
9452000,268.3,485.0,1.0,1,1,1
9456000,268.3,485.9,1.0,1,1,1
9460000,269.7,487.1,1.0,1,1,1
9464000,269.7,489.9,1.0,1,1,1
9468000,269.6,491.8,1.0,1,1,1
9472000,270.7,492.0,1.0,1,1,1
9476000,271.4,492.3,1.0,1,1,1
9480000,271.7,492.6,1.0,1,1,1
9484000,272.1,492.7,1.0,1,1,1
9488000,272.0,492.9,1.0,1,1,1
9492000,272.0,494.6,1.0,1,1,1
9496000,272.1,494.7,1.0,1,1,1
9500000,272.6,494.9,1.0,1,1,1
9504000,273.1,496.2,1.0,1,1,1
9508000,273.2,496.5,1.0,1,1,1
9512000,273.4,496.8,1.0,1,1,1
9516000,273.6,497.2,1.0,1,1,1
9520000,273.7,497.9,1.0,1,1,1
9524000,273.6,498.5,1.0,1,1,1
9528000,274.3,500.2,1.0,1,1,1
9532000,275.0,501.9,1.0,1,1,1
9536000,275.4,502.2,1.0,1,1,1
9540000,275.9,502.5,1.0,1,1,1
9544000,276.0,503.1,1.0,1,1,1
9548000,276.1,503.2,1.0,1,1,1
9552000,277.5,503.4,1.0,1,1,1
9556000,278.1,504.0,1.0,1,1,1
9560000,278.7,504.7,1.0,1,1,1
9564000,278.7,505.0,1.0,1,1,1
9568000,278.9,505.0,1.0,1,1,1
9572000,279.2,505.0,1.0,1,1,1
9576000,279.5,506.0,1.0,1,1,1
9580000,279.8,506.2,1.0,1,1,1
9584000,279.5,506.2,1.0,1,1,1
9588000,279.8,506.4,1.0,1,1,1
9592000,279.4,506.4,1.0,1,1,1
9596000,279.5,506.5,1.0,1,1,1
9600000,279.6,506.5,1.0,1,1,1
9604000,279.1,507.2,1.0,1,1,1
9608000,278.7,506.8,1.0,1,1,1
9612000,279.3,506.5,1.0,1,1,1
9616000,279.5,506.7,1.0,1,1,1
9620000,279.6,506.9,1.0,1,1,1
9624000,279.8,507.5,1.0,1,1,1
9628000,280.0,508.1,1.0,1,1,1
9632000,281.0,508.3,1.0,1,1,1
9636000,282.0,508.1,1.0,1,1,1
9640000,282.0,508.9,1.0,1,1,1
9644000,282.0,509.0,1.0,1,1,1
9648000,282.3,509.0,1.0,1,1,1
9652000,282.4,509.8,1.0,1,1,1
9656000,282.4,510.5,1.0,1,1,1
9660000,282.4,511.3,1.0,1,1,1
9664000,282.4,512.0,1.0,1,1,1
9668000,282.1,512.3,1.0,1,1,1
9672000,282.0,512.7,1.0,1,1,1
9677000,281.8,513.2,1.0,1,1,1
9681000,281.7,513.2,1.0,1,1,1
9685000,281.6,513.3,1.0,1,1,1
9689000,281.0,513.7,1.0,1,1,1
9693000,280.8,514.2,1.0,1,1,1
9697000,280.8,514.5,1.0,1,1,1
9701000,280.9,514.6,1.0,1,1,1
9705000,280.9,514.7,1.0,1,1,1
9709000,280.9,514.9,1.0,1,1,1
9712000,280.9,515.1,1.0,1,1,1
9716000,280.8,515.3,1.0,1,1,1
9720000,279.2,519.0,1.0,2,2,2
9724000,273.5,543.2,1.0,2,2,2
9728000,256.7,576.2,1.0,2,2,2
9732000,236.2,609.7,1.0,2,2,2
9736000,227.0,642.7,1.0,2,2,2
9740000,223.0,650.8,1.0,2,2,2
9744000,227.0,662.3,1.0,2,2,2
9748000,231.9,657.8,1.0,2,2,2
9752000,239.4,653.7,1.0,2,2,2
9756000,241.2,643.4,1.0,2,2,2
9760000,240.8,646.6,1.0,2,2,2
9764000,240.4,649.8,1.0,2,2,2
9768000,236.1,655.9,1.0,2,2,2
9772000,236.3,673.6,1.0,2,2,2
9776000,236.8,682.3,1.0,2,2,2
9780000,238.9,683.8,1.0,2,2,2
9784000,239.6,685.1,1.0,2,2,2
9788000,241.5,685.0,1.0,1,1,1
9792000,242.3,684.8,1.0,1,1,1
9796000,242.8,683.5,1.0,1,1,1
9800000,243.4,682.1,1.0,1,1,1
9804000,243.4,682.0,1.0,1,1,1
9808000,243.4,682.1,1.0,1,1,1
9812000,243.6,682.1,1.0,1,1,1
9816000,243.3,682.3,1.0,1,1,1
9820000,243.9,684.0,1.0,1,1,1
9824000,244.5,685.7,1.0,1,1,1
9828000,245.0,686.0,1.0,1,1,1
9832000,244.9,686.2,1.0,1,1,1
9836000,244.9,686.4,1.0,1,1,1
9840000,244.8,688.2,1.0,1,1,1
9844000,244.9,687.7,1.0,1,1,1
9848000,245.0,687.1,1.0,1,1,1
9852000,244.8,686.9,1.0,1,1,1
9856000,245.4,686.9,1.0,1,1,1
9860000,246.2,684.9,1.0,1,1,1
9864000,246.5,684.2,1.0,1,1,1
9868000,246.8,683.5,1.0,1,1,1
9872000,247.5,682.7,1.0,1,1,1
9876000,247.5,681.9,1.0,1,1,1
9880000,247.8,681.9,1.0,1,1,1
9884000,248.0,682.0,1.0,1,1,1
9888000,248.6,681.2,1.0,1,1,1
9892000,248.9,681.1,1.0,1,1,1
9896000,249.1,681.0,1.0,1,1,1
9900000,249.4,680.8,1.0,1,1,1
9904000,250.3,680.7,1.0,1,1,1
9908000,250.7,681.1,1.0,1,1,1
9912000,250.4,681.3,1.0,1,1,1
9916000,250.9,681.8,1.0,1,1,1
9920000,251.0,682.1,1.0,1,1,1
9924000,250.9,682.3,1.0,1,1,1
9928000,250.8,682.4,1.0,1,1,1
9932000,250.7,682.5,1.0,1,1,1
9936000,250.6,682.0,1.0,1,1,1
9940000,250.8,681.4,1.0,1,1,1
9945000,250.9,680.7,1.0,1,1,1
9949000,250.9,680.1,1.0,1,1,1
9953000,250.9,679.0,1.0,1,1,1
9957000,251.1,678.6,1.0,1,1,1
9961000,251.2,679.0,1.0,1,1,1
9965000,251.1,678.8,1.0,1,1,1
9969000,250.9,678.6,1.0,1,1,1
9973000,250.8,679.2,1.0,1,1,1
9976000,250.7,679.8,1.0,1,1,1
9980000,251.2,679.7,1.0,1,1,1
9984000,251.8,679.6,1.0,1,1,1
9988000,254.3,678.4,1.0,1,1,1
9992000,255.7,677.3,1.0,1,1,2
9996000,261.1,663.8,1.0,2,2,2
10000000,277.0,618.1,1.0,2,2,2
10004000,280.7,567.3,1.0,2,2,2
10008000,282.1,538.0,1.0,2,2,2
10012000,278.7,538.3,1.0,2,2,2
10016000,275.2,538.5,1.0,2,2,2
10020000,274.2,540.1,1.0,2,2,2
10024000,272.8,549.4,1.0,2,2,2
10028000,272.8,551.2,1.0,2,2,2
10032000,272.8,551.6,1.0,1,1,1
10036000,273.6,549.5,1.0,1,1,1
10040000,273.7,547.5,1.0,1,1,1
10045000,274.0,542.0,1.0,1,1,1
10049000,275.6,542.3,1.0,1,1,1
10053000,276.1,542.5,1.0,1,1,1
10057000,275.7,543.6,1.0,1,1,1
10061000,275.8,543.7,1.0,1,1,1
10065000,275.4,546.4,1.0,1,1,1
10069000,275.4,548.8,1.0,1,1,1
10073000,275.5,549.7,1.0,1,1,1
10077000,276.0,550.8,1.0,1,1,1
10080000,276.1,550.7,1.0,1,1,1
10084000,276.7,550.7,1.0,1,1,1
10088000,276.8,550.4,1.0,1,1,1
10092000,276.9,550.1,1.0,1,1,1
10096000,277.7,549.9,1.0,1,1,1
10100000,278.5,548.3,1.0,1,1,1
10104000,278.5,548.0,1.0,1,1,1
10108000,278.6,548.2,1.0,1,1,1
10112000,278.5,548.4,1.0,1,1,1
10116000,278.5,547.5,1.0,1,1,1
10120000,278.5,547.3,1.0,1,1,1
10124000,278.5,547.0,1.0,1,1,1
10128000,278.5,545.8,1.0,1,1,1
10132000,278.5,545.6,1.0,1,1,1
10136000,278.3,545.3,1.0,1,1,1
10140000,278.5,545.1,1.0,1,1,1
10144000,278.7,545.3,1.0,1,1,1
10148000,279.4,543.9,1.0,1,1,1
10152000,282.2,542.7,1.0,1,1,1
10156000,289.0,540.2,1.0,1,1,1
10160000,297.6,521.3,1.0,1,1,1
10164000,298.2,521.8,1.0,1,1,1
10168000,298.1,522.3,1.0,1,1,1
10172000,297.7,526.9,1.0,1,1,1
10176000,297.2,528.9,1.0,1,1,1
10180000,297.1,531.0,1.0,1,1,1
10184000,297.1,530.1,1.0,1,1,1
10188000,297.7,529.3,1.0,1,1,1
10192000,298.4,527.6,1.0,1,1,1
10196000,299.2,526.6,1.0,1,1,1
10200000,299.8,524.9,1.0,1,1,1
10204000,300.1,524.1,1.0,1,1,1
10208000,300.4,523.8,1.0,1,1,1
10211000,300.3,523.6,1.0,1,1,1
10215000,300.3,523.5,1.0,1,1,1
10219000,299.9,523.9,1.0,1,1,1
10223000,299.8,523.9,1.0,1,1,1
10227000,300.0,523.7,1.0,1,1,1
10231000,300.2,523.6,1.0,1,1,1
10235000,304.1,523.3,1.0,2,2,2
10239000,311.0,515.8,1.0,2,2,2
10244000,333.1,485.8,1.0,2,2,2
10248000,369.8,439.2,1.0,2,2,2
10252000,395.8,392.4,1.0,2,2,2
10256000,412.4,361.8,1.0,2,2,2
10260000,420.3,347.7,1.0,2,2,2
10264000,419.7,334.5,1.0,2,2,2
10268000,419.1,328.5,1.0,2,2,2
10272000,418.7,326.8,1.0,2,2,2
10276000,419.4,331.7,1.0,1,2,1
10280000,420.0,336.3,1.0,1,2,1
10284000,429.7,335.1,1.0,1,2,1
10288000,436.7,333.8,1.0,1,2,1
10292000,439.7,328.8,1.0,1,2,1
10296000,440.1,321.5,1.0,1,1,1
10300000,440.2,321.1,1.0,1,1,1
10304000,440.2,321.2,1.0,1,1,1
10308000,440.1,321.4,1.0,1,1,1
10312000,438.5,321.3,1.0,1,1,1
10316000,436.8,321.2,1.0,1,1,1
10320000,434.8,321.1,1.0,1,1,1
10324000,434.8,322.7,1.0,1,1,1
10328000,434.8,323.1,1.0,1,1,1
10332000,434.9,323.3,1.0,1,1,1
10336000,434.8,322.9,1.0,1,1,1
10340000,435.1,322.6,1.0,1,1,1
10344000,434.7,320.3,1.0,1,1,1
10348000,434.4,320.0,1.0,1,1,1
10352000,434.5,319.7,1.0,1,1,1
10356000,434.4,319.4,1.0,1,1,1
10360000,434.4,319.1,1.0,1,1,1
10364000,434.4,318.7,1.0,1,1,1
10368000,434.4,318.3,1.0,1,1,1
10372000,434.1,316.4,1.0,1,1,1
10376000,434.0,315.7,1.0,1,1,1
10380000,433.9,315.5,1.0,1,1,1
10384000,433.8,315.7,1.0,1,1,1
10388000,433.8,315.9,1.0,1,1,1
10392000,433.7,316.1,1.0,1,1,1
10396000,433.9,316.4,1.0,1,1,1
10400000,434.1,316.6,1.0,1,1,1
10404000,434.1,316.7,1.0,1,1,1
10408000,434.0,316.8,1.0,1,1,1
10412000,435.2,317.0,1.0,1,1,1
10416000,435.1,317.1,1.0,1,1,1
10420000,434.9,318.2,1.0,1,1,1
10424000,434.8,318.2,1.0,1,1,1
10428000,434.8,318.4,1.0,1,1,1
10432000,434.7,318.1,1.0,1,1,1
10436000,434.6,318.1,1.0,1,1,1
10440000,434.4,318.1,1.0,1,1,1
10444000,434.1,318.0,1.0,1,1,1
10448000,433.9,317.6,1.0,1,1,1
10452000,433.8,317.5,1.0,1,1,1
10456000,432.3,317.8,1.0,1,1,1
10460000,431.7,318.2,1.0,1,1,1
10464000,431.1,319.1,1.0,1,1,1
10468000,431.1,319.0,1.0,1,1,1
10472000,431.1,319.0,1.0,1,1,1
10476000,431.2,319.0,1.0,1,1,1
10480000,431.2,319.0,1.0,1,1,1
10484000,431.1,318.9,1.0,1,1,1
10488000,431.0,319.0,1.0,1,1,1
10492000,430.7,318.7,1.0,1,1,1
10496000,431.4,318.4,1.0,1,1,1
10500000,432.1,317.8,1.0,1,1,1
10504000,433.6,315.5,1.0,1,1,1
10508000,448.4,317.3,1.0,1,4,1
10512000,450.1,315.8,1.0,1,4,1
10516000,451.8,315.4,1.0,1,4,1
10520000,453.1,315.5,1.0,1,4,1
10524000,453.7,315.7,1.0,4,4,4
10528000,454.0,315.8,1.0,4,4,4
10532000,454.3,315.9,1.0,4,4,4
10536000,451.4,325.1,1.0,4,4,4
10540000,431.4,378.2,1.0,4,4,4
10545000,405.7,447.9,1.0,4,4,4
10549000,386.6,523.3,1.0,4,4,4
10553000,375.6,562.0,1.0,4,4,4
10557000,372.9,571.8,1.0,4,4,4
10561000,370.1,581.4,1.0,4,4,4
10565000,367.4,591.1,1.0,4,4,4
10569000,364.7,600.8,1.0,4,4,4
10573000,364.7,600.8,1.0,4,4,4
10577000,0.0,0.0,0.0,4,4,4
10580000,0.0,0.0,0.0,4,4,4
10584000,0.0,0.0,0.0,4,4,4
10588000,0.0,0.0,0.0,4,4,4
10592000,0.0,0.0,0.0,4,4,4
10596000,0.0,0.0,0.0,4,4,4
10600000,0.0,0.0,0.0,4,4,4
10604000,322.4,787.9,1.0,4,4,4
10608000,322.5,788.2,1.0,4,4,4
10612000,322.8,778.3,1.0,4,4,4
10616000,323.0,768.5,1.0,4,4,4
10620000,323.4,748.9,1.0,4,4,4
10624000,325.0,709.7,1.0,4,4,4
10628000,326.4,675.7,1.0,4,4,4
10632000,327.5,646.6,1.0,4,4,4
10636000,328.2,619.3,1.0,4,4,4
10640000,328.6,597.4,1.0,4,4,4
10644000,327.0,579.1,1.0,4,4,4
10648000,325.9,562.6,1.0,4,4,4
10652000,325.5,549.9,1.0,4,4,4
10656000,325.4,537.4,1.0,4,4,4
10660000,325.6,526.8,1.0,4,4,4
10664000,325.0,524.8,1.0,4,4,4
10668000,324.3,524.3,1.0,4,4,4
10672000,324.1,523.9,1.0,1,4,1
10676000,323.9,524.0,1.0,1,4,1
10680000,322.9,523.9,1.0,1,4,1
10684000,322.2,523.7,1.0,1,4,1
10688000,322.1,523.7,1.0,1,4,1
10692000,321.9,523.7,1.0,1,4,1
10696000,321.7,523.8,1.0,1,4,1
10700000,321.5,524.1,1.0,1,4,1
10704000,321.5,524.6,1.0,1,4,1
10708000,321.5,524.7,1.0,1,4,1
10712000,321.5,525.6,1.0,1,4,1
10716000,321.9,527.1,1.0,1,4,1
10720000,322.1,527.5,1.0,1,4,1
10724000,322.2,527.4,1.0,1,4,1
10728000,322.4,527.4,1.0,1,4,1
10732000,322.6,527.4,1.0,1,4,4
10736000,322.9,527.5,1.0,1,4,4
10740000,323.1,527.6,1.0,1,4,4
10744000,336.4,502.3,1.0,2,4,4
10748000,336.6,504.2,1.0,2,4,4
10752000,337.0,508.1,1.0,2,4,4
10756000,337.0,512.9,1.0,2,4,4
10760000,337.0,516.4,1.0,2,4,4
10764000,337.0,516.4,1.0,2,4,4
10768000,338.3,521.3,1.0,1,4,4
10772000,338.3,522.1,1.0,1,4,1
10776000,338.7,522.5,1.0,1,4,1
10780000,338.8,524.3,1.0,1,4,1
10784000,338.3,526.7,1.0,1,1,1
10788000,337.7,527.6,1.0,1,1,1
10792000,337.3,528.6,1.0,1,1,1
10796000,336.9,528.9,1.0,1,1,1
10800000,336.4,529.1,1.0,1,1,1
10804000,336.0,529.2,1.0,1,1,1
10808000,335.7,528.9,1.0,1,1,1
10812000,335.5,529.0,1.0,1,1,1
10816000,334.9,529.1,1.0,1,1,1
10820000,334.4,529.1,1.0,1,1,1
10824000,334.1,529.1,1.0,1,1,1
10828000,333.8,528.9,1.0,1,1,1
10832000,333.5,528.7,1.0,1,1,1
10836000,333.1,528.9,1.0,1,1,1
10840000,332.7,529.3,1.0,1,1,1
10844000,332.4,529.7,1.0,1,1,1
10848000,332.3,529.7,1.0,1,1,1
10852000,332.3,530.2,1.0,1,1,1
10856000,332.2,530.3,1.0,1,1,1
10860000,331.3,530.3,1.0,1,1,1
10864000,330.6,531.4,1.0,1,1,1
10868000,330.3,532.5,1.0,1,1,1
10872000,330.1,532.5,1.0,1,1,1
10876000,330.6,532.7,1.0,1,1,1
10880000,330.5,532.3,1.0,1,1,1
10884000,330.3,532.4,1.0,1,1,1
10888000,330.0,532.5,1.0,1,1,1
10892000,329.8,533.0,1.0,1,1,1
10896000,329.4,533.6,1.0,1,1,1
10900000,329.5,533.8,1.0,1,1,1
10904000,329.2,533.9,1.0,1,1,1
10908000,328.8,533.9,1.0,1,1,1
10912000,328.8,533.9,1.0,1,1,1
10916000,328.7,534.0,1.0,1,1,1
10920000,328.7,534.2,1.0,1,1,1
10924000,328.6,534.2,1.0,1,1,1
10928000,328.7,533.9,1.0,1,1,1
10932000,328.7,534.0,1.0,1,1,1
10936000,328.7,534.2,1.0,1,1,1
10940000,328.8,534.0,1.0,1,1,1
10944000,328.8,533.9,1.0,1,1,1
10948000,329.5,534.1,1.0,1,1,1
10952000,329.3,533.6,1.0,1,1,1
10956000,329.0,533.0,1.0,1,1,1
10960000,327.8,531.7,1.0,1,1,2
10964000,323.1,524.8,1.0,2,2,2
10968000,316.2,509.5,1.0,2,2,2
10972000,317.1,502.5,1.0,2,2,2
10976000,317.8,499.8,1.0,2,2,2
10980000,318.9,504.3,1.0,2,2,2
10984000,319.4,508.7,1.0,2,2,2
10988000,319.0,512.5,1.0,2,2,2
10992000,318.8,512.3,1.0,2,2,2
10996000,318.2,512.0,1.0,1,1,1
11000000,317.7,511.4,1.0,1,1,1
11004000,317.9,505.5,1.0,1,1,1
11008000,318.0,504.6,1.0,1,1,1
11012000,317.9,503.6,1.0,1,1,1
11016000,317.9,502.0,1.0,1,1,1
11020000,317.9,502.3,1.0,1,1,1
11024000,317.7,502.7,1.0,1,1,1
11028000,317.5,503.4,1.0,1,1,1
11032000,317.5,503.8,1.0,1,1,1
11036000,317.6,503.5,1.0,1,1,1
11040000,317.6,504.1,1.0,1,1,1
11045000,317.5,504.7,1.0,1,1,1
11049000,317.4,505.0,1.0,1,1,1
11053000,317.4,505.3,1.0,1,1,1
11057000,317.4,505.0,1.0,1,1,1
11061000,317.1,504.8,1.0,1,1,1
11065000,317.0,504.3,1.0,1,1,1
11069000,317.0,504.4,1.0,1,1,1
11073000,317.0,504.5,1.0,1,1,1
11077000,319.1,504.5,1.0,1,1,1
11080000,319.1,504.2,1.0,1,1,1
11084000,319.4,504.7,1.0,1,1,1
11088000,319.2,504.6,1.0,1,1,1
11092000,319.1,505.0,1.0,1,1,1
11096000,319.1,505.0,1.0,1,1,1
11100000,319.0,505.1,1.0,1,1,1
11104000,318.7,505.3,1.0,1,1,1
11108000,318.4,505.4,1.0,1,1,1
11112000,318.2,504.6,1.0,1,1,1
11116000,318.0,503.7,1.0,1,1,1
11120000,318.1,503.1,1.0,1,1,1
11124000,318.0,503.1,1.0,1,1,1
11128000,318.0,503.2,1.0,1,1,1
11132000,317.9,503.1,1.0,1,1,1
11136000,318.1,503.3,1.0,1,1,1
11140000,318.3,502.7,1.0,1,1,1
11144000,318.3,502.6,1.0,1,1,1
11148000,318.3,502.5,1.0,1,1,1
11152000,318.3,502.4,1.0,1,1,1
11156000,319.2,502.4,1.0,1,1,1
11160000,319.3,502.4,1.0,1,1,1
11164000,319.5,501.5,1.0,1,1,1
11168000,319.7,501.3,1.0,1,1,1
11172000,320.0,501.2,1.0,1,1,1
11176000,320.6,501.2,1.0,1,1,1
11180000,321.6,501.3,1.0,1,1,1
11184000,321.7,501.3,1.0,1,1,1
11188000,321.7,501.3,1.0,1,1,1
11192000,322.5,501.2,1.0,1,1,1
11196000,322.7,501.1,1.0,1,1,1
11200000,322.8,500.6,1.0,1,1,1
11204000,323.0,500.3,1.0,1,1,1
11208000,323.2,500.0,1.0,1,1,1
11211000,323.4,499.4,1.0,1,1,1
11215000,323.7,499.3,1.0,1,1,1
11219000,323.9,499.3,1.0,1,1,1
11223000,324.4,499.2,1.0,1,1,1
11227000,324.5,499.0,1.0,1,1,1
11231000,324.4,498.3,1.0,1,1,1
11235000,325.5,497.9,1.0,1,1,1
11239000,326.5,497.5,1.0,1,1,1
11244000,328.9,493.7,1.0,2,2,2
11248000,345.1,475.9,1.0,2,2,2
11252000,376.6,430.1,1.0,2,2,2
11256000,402.5,380.0,1.0,2,2,2
11260000,410.9,342.9,1.0,2,2,2
11264000,413.2,317.4,1.0,2,2,2
11268000,415.5,304.0,1.0,2,2,2
11272000,422.0,301.9,1.0,2,2,2
11276000,425.4,302.5,1.0,2,2,2
11280000,428.6,303.1,1.0,2,2,2
11284000,432.4,319.1,1.0,2,2,2
11288000,438.3,316.2,1.0,2,2,2
11292000,440.4,313.0,1.0,2,2,2
11296000,442.8,306.0,1.0,2,2,2
11300000,443.2,295.1,1.0,2,2,2
11304000,443.3,295.2,1.0,2,2,2
11308000,443.4,295.3,1.0,1,1,1
11312000,444.4,296.1,1.0,1,1,1
11316000,444.3,297.3,1.0,1,1,1
11320000,444.4,299.1,1.0,1,1,1
11324000,444.3,299.8,1.0,1,1,1
11328000,444.2,301.7,1.0,1,1,1
11332000,444.0,302.2,1.0,1,1,1
11336000,443.9,302.8,1.0,1,1,1
11340000,444.0,303.0,1.0,1,1,1
11344000,444.2,303.2,1.0,1,1,1
11348000,444.7,303.2,1.0,1,1,1
11352000,444.7,303.1,1.0,1,1,1
11356000,444.6,302.9,1.0,1,1,1
11360000,444.4,302.8,1.0,1,1,1
11364000,444.3,302.7,1.0,1,1,1
11368000,444.3,302.8,1.0,1,1,1
11372000,444.2,302.8,1.0,1,1,1
11377000,444.2,302.7,1.0,1,1,1
11381000,444.6,302.6,1.0,1,1,1
11385000,445.0,302.7,1.0,1,1,1
11389000,445.0,302.8,1.0,1,1,1
11393000,445.1,303.0,1.0,1,1,1
11397000,445.1,303.3,1.0,1,1,1
11401000,445.1,303.4,1.0,1,1,1
11405000,445.5,303.5,1.0,1,1,1
11409000,445.5,304.3,1.0,1,1,1
11413000,445.6,305.2,1.0,1,1,1
11417000,445.6,305.4,1.0,1,1,1
11421000,445.3,305.3,1.0,1,1,1
11425000,445.3,305.3,1.0,1,1,1
11429000,445.4,305.4,1.0,1,1,1
11433000,445.5,305.4,1.0,1,1,1
11437000,445.4,305.3,1.0,1,1,1
11441000,445.6,305.5,1.0,1,1,1
11445000,445.7,306.3,1.0,1,1,1
11449000,445.7,306.3,1.0,1,1,1
11453000,445.8,306.6,1.0,1,1,1
11457000,445.9,307.0,1.0,1,1,1
11461000,445.7,307.2,1.0,1,1,1
11465000,445.6,307.2,1.0,1,1,1
11469000,445.6,307.1,1.0,1,1,1
11473000,445.6,307.7,1.0,1,1,1
11477000,444.2,308.2,1.0,1,1,1
11480000,442.7,309.3,1.0,2,2,2
11484000,439.7,312.9,1.0,2,2,2
11488000,430.7,335.3,1.0,2,2,2
11492000,408.2,348.1,1.0,2,2,2
11496000,397.9,360.6,1.0,2,2,2
11500000,395.2,366.4,1.0,2,2,2
11504000,402.3,363.6,1.0,2,2,2
11508000,404.1,360.4,1.0,2,2,2
11513000,403.3,358.5,1.0,2,2,2
11517000,402.4,360.1,1.0,2,2,2
11521000,393.2,361.0,1.0,2,2,2
11525000,391.2,365.4,1.0,2,2,2
11529000,389.3,367.5,1.0,2,2,2
11533000,388.8,369.9,1.0,1,3,3
11537000,388.7,373.1,1.0,1,3,3
11541000,388.7,373.4,1.0,1,3,3
11545000,388.7,374.9,1.0,1,3,3
11549000,388.8,374.5,1.0,1,3,3
11553000,389.0,374.2,1.0,1,3,3
11557000,389.1,373.9,1.0,1,3,3
11561000,389.3,373.9,1.0,1,3,3
11565000,389.2,373.8,1.0,1,3,3
11569000,389.1,374.3,1.0,1,3,3
11573000,388.5,374.5,1.0,1,3,3
11577000,387.9,374.6,1.0,1,3,3
11581000,386.8,374.9,1.0,1,3,3
11585000,386.7,375.3,1.0,1,3,3
11589000,386.6,375.6,1.0,1,3,3
11593000,386.5,375.8,1.0,1,3,3
11597000,386.4,376.2,1.0,1,3,3
11601000,385.6,376.6,1.0,1,3,3
11605000,384.8,377.5,1.0,1,3,3
11609000,384.5,377.8,1.0,1,3,3
11613000,383.8,378.1,1.0,1,3,3
11617000,383.3,378.7,1.0,1,3,3
11621000,383.3,378.4,1.0,1,3,3
11625000,383.3,378.8,1.0,1,3,3
11629000,382.9,379.2,1.0,1,3,3
11633000,383.0,380.2,1.0,1,3,3
11637000,382.8,381.4,1.0,1,3,3
11641000,383.2,382.7,1.0,1,3,3
11644000,383.6,383.0,1.0,1,3,3
11648000,383.3,383.1,1.0,1,3,3
11652000,383.1,383.6,1.0,1,3,3
11656000,382.9,383.6,1.0,1,3,3
11660000,382.9,383.7,1.0,1,3,3
11664000,382.9,383.9,1.0,1,3,3
11668000,382.7,384.2,1.0,1,3,3
11672000,382.5,384.8,1.0,1,3,3
11676000,381.6,385.5,1.0,1,3,3
11681000,381.1,386.1,1.0,1,3,3
11685000,381.2,386.6,1.0,1,3,3
11689000,381.3,387.1,1.0,1,3,3
11693000,381.4,387.1,1.0,1,3,3
11697000,381.4,387.1,1.0,1,3,3
11701000,381.4,387.2,1.0,1,3,3
11705000,381.3,387.3,1.0,1,3,3
11709000,380.2,387.2,1.0,1,3,3
11713000,379.1,387.2,1.0,1,3,3
11717000,378.2,387.9,1.0,1,3,3
11721000,377.9,388.7,1.0,1,3,3
11725000,376.8,389.5,1.0,1,3,3
11729000,376.7,390.3,1.0,1,3,3
11733000,376.6,390.1,1.0,1,3,3
11737000,376.5,390.0,1.0,1,3,3
11741000,376.5,390.2,1.0,1,3,3
11744000,376.5,390.5,1.0,1,3,3
11748000,376.1,391.1,1.0,1,3,3
11752000,375.7,391.1,1.0,1,3,3
11756000,375.6,391.3,1.0,1,3,3
11760000,375.6,391.3,1.0,1,3,3
11764000,375.5,391.2,1.0,1,3,3
11768000,375.7,391.1,1.0,1,3,3
11772000,375.9,391.0,1.0,1,3,3
11776000,376.4,391.1,1.0,1,3,3
11781000,376.4,391.0,1.0,1,3,3
11785000,376.4,391.2,1.0,1,3,3
11789000,376.2,391.2,1.0,1,3,3
11793000,376.1,391.6,1.0,1,3,3
11797000,376.1,391.5,1.0,1,3,3
11801000,375.6,391.4,1.0,1,3,3
11805000,375.4,391.4,1.0,1,3,3
11809000,375.2,391.4,1.0,1,3,3
11813000,374.7,391.3,1.0,1,3,3
11817000,374.2,391.6,1.0,1,3,3
11821000,374.0,391.9,1.0,1,3,3
11825000,374.0,391.8,1.0,1,3,3
11829000,374.0,392.0,1.0,1,3,3
11833000,372.2,391.8,1.0,1,3,3
11837000,371.8,392.4,1.0,1,3,3
11841000,372.1,392.3,1.0,1,3,3
11844000,372.0,392.3,1.0,1,3,3
11848000,372.0,392.3,1.0,1,3,3
11852000,372.0,392.1,1.0,1,3,3
11856000,371.9,393.4,1.0,1,3,3
11860000,371.2,394.5,1.0,1,3,3
11864000,370.5,397.1,1.0,2,2,2
11868000,370.1,402.4,1.0,2,2,2
11872000,361.2,410.5,1.0,2,2,2
11876000,340.3,442.1,1.0,2,2,2
11881000,324.7,481.4,1.0,2,2,2
11885000,317.2,514.4,1.0,2,2,2
11889000,324.5,512.2,1.0,2,2,2
11893000,331.9,510.0,1.0,2,2,2
11897000,333.8,500.6,1.0,2,2,2
11901000,334.8,475.9,1.0,2,2,2
11905000,329.9,475.9,1.0,2,2,2
11909000,325.0,475.9,1.0,2,2,2
11913000,323.7,479.3,1.0,2,2,2
11917000,323.7,491.1,1.0,2,2,2
11921000,323.7,500.9,1.0,2,2,2
11925000,324.3,506.3,1.0,2,2,2
11929000,325.0,506.2,1.0,2,2,2
11933000,325.3,506.1,1.0,1,1,1
11937000,325.5,506.1,1.0,1,1,1
11941000,326.2,506.1,1.0,1,1,1
11945000,327.0,505.0,1.0,1,1,1
11949000,326.9,505.1,1.0,1,1,1
11953000,326.8,505.3,1.0,1,1,1
11957000,326.7,505.5,1.0,1,1,1
11961000,326.6,505.9,1.0,1,1,1
11965000,326.6,506.8,1.0,1,1,1
11969000,326.5,507.7,1.0,1,1,1
11973000,326.5,508.2,1.0,1,1,1
11977000,326.4,508.3,1.0,1,1,1
11981000,326.4,508.4,1.0,1,1,1
11985000,326.3,508.4,1.0,1,1,1
11989000,327.1,507.9,1.0,1,1,1
11993000,327.2,507.8,1.0,1,1,1
11997000,327.2,507.0,1.0,1,1,1
12001000,327.2,506.2,1.0,1,1,1
12005000,327.1,505.9,1.0,1,1,1
12009000,327.1,505.8,1.0,1,1,1
12013000,326.7,505.5,1.0,1,1,1
12017000,326.5,505.7,1.0,1,1,1
12021000,326.3,505.9,1.0,1,1,1
12025000,326.4,506.2,1.0,1,1,1
12029000,326.2,506.4,1.0,1,1,1
12033000,326.4,506.7,1.0,1,1,1
12037000,326.6,506.7,1.0,1,1,1
12041000,326.6,506.6,1.0,1,1,1
12045000,326.6,506.6,1.0,1,1,1
12049000,326.6,506.5,1.0,1,1,1
12053000,326.5,506.5,1.0,1,1,1
12057000,326.9,506.6,1.0,1,1,1
12061000,326.8,506.7,1.0,1,1,1
12065000,327.0,506.8,1.0,1,1,1
12069000,327.0,506.9,1.0,1,1,1
12073000,327.1,507.0,1.0,1,1,1
12077000,326.8,507.0,1.0,1,1,1
12081000,326.6,506.9,1.0,1,1,1
12085000,326.5,506.7,1.0,1,1,1
12089000,326.5,507.2,1.0,1,1,1
12093000,326.2,507.6,1.0,1,1,1
12097000,326.1,507.6,1.0,1,1,1
12101000,326.0,507.8,1.0,1,1,1
12105000,325.7,507.4,1.0,1,1,1
12109000,325.6,506.9,1.0,1,1,1
12112000,325.5,507.1,1.0,1,1,1
12116000,325.6,507.3,1.0,1,1,1
12120000,325.7,507.3,1.0,1,1,1
12124000,325.9,507.4,1.0,1,1,1
12128000,326.0,507.5,1.0,1,1,1
12132000,325.7,507.6,1.0,1,1,1
12136000,325.8,507.5,1.0,1,1,1
12140000,325.8,507.5,1.0,1,1,1
12145000,325.7,507.5,1.0,1,1,1
12149000,325.7,507.5,1.0,1,1,1
12153000,325.8,507.5,1.0,1,1,1
12157000,326.0,507.5,1.0,1,1,1
12161000,325.8,507.8,1.0,1,1,1
12165000,325.9,508.1,1.0,1,1,1
12169000,326.0,508.7,1.0,1,1,1
12173000,326.2,508.8,1.0,1,1,1
12177000,326.2,508.8,1.0,1,1,1
12181000,326.2,508.8,1.0,1,1,1
12185000,326.2,508.7,1.0,1,1,1
12189000,326.3,508.7,1.0,1,1,1
12193000,326.5,508.7,1.0,1,1,1
12197000,326.5,508.7,1.0,1,1,1
12201000,326.5,508.5,1.0,1,1,1
12205000,326.4,508.3,1.0,1,1,1
12209000,326.4,507.7,1.0,1,1,1
12212000,326.4,507.4,1.0,1,1,1
12216000,326.6,507.1,1.0,1,1,1
12220000,326.7,507.1,1.0,1,1,1
12224000,326.7,506.9,1.0,1,1,1
12228000,326.7,506.3,1.0,1,1,1
12232000,326.7,506.7,1.0,1,1,1
12236000,326.4,506.0,1.0,1,1,1
12240000,326.1,505.6,1.0,1,1,1
12244000,325.8,505.4,1.0,1,1,1
12248000,325.6,505.2,1.0,1,1,1
12252000,325.5,504.5,1.0,1,1,1
12256000,325.7,504.8,1.0,1,1,1
12260000,325.8,504.8,1.0,1,1,1
12264000,325.7,504.8,1.0,1,1,1
12268000,325.7,504.6,1.0,1,1,1
12272000,325.5,504.6,1.0,1,1,1
12276000,325.5,504.6,1.0,1,1,1
12281000,325.7,504.5,1.0,1,1,1
12285000,325.8,504.3,1.0,1,1,1
12289000,326.0,504.6,1.0,1,1,1
12293000,326.1,504.8,1.0,1,1,1
12297000,326.0,504.8,1.0,1,1,1
12301000,326.0,504.9,1.0,1,1,1
12305000,326.0,505.1,1.0,1,1,1
12309000,326.1,505.3,1.0,1,1,1
12313000,325.9,505.4,1.0,1,1,1
12317000,326.0,505.4,1.0,1,1,1
12321000,326.0,505.3,1.0,1,1,1
12325000,325.8,505.0,1.0,1,1,1
12329000,325.7,505.6,1.0,1,1,1
12333000,325.7,505.4,1.0,1,1,1
12337000,325.7,505.1,1.0,1,1,1
12341000,325.6,505.1,1.0,1,1,1
12345000,325.6,505.0,1.0,1,1,1
12349000,325.6,504.9,1.0,1,1,1
12353000,325.5,504.9,1.0,1,1,1
12357000,325.8,505.0,1.0,1,1,1
12361000,326.0,505.1,1.0,1,1,1
12365000,326.0,504.8,1.0,1,1,1
12369000,325.9,504.8,1.0,1,1,1
12373000,326.0,504.8,1.0,1,1,1
12377000,326.0,504.8,1.0,1,1,1
12381000,326.1,504.7,1.0,1,1,1
12385000,326.2,504.8,1.0,1,1,1
12389000,326.4,504.8,1.0,1,1,1
12393000,326.5,504.7,1.0,1,1,1
12397000,326.6,504.6,1.0,1,1,1
12401000,326.8,505.0,1.0,1,1,1
12405000,326.9,505.0,1.0,1,1,1
12409000,327.0,505.0,1.0,1,1,1
12413000,326.9,505.0,1.0,1,1,1
12417000,327.5,504.8,1.0,1,1,1
12421000,327.5,505.1,1.0,1,1,1
12425000,327.6,505.4,1.0,1,1,1
12429000,327.4,505.4,1.0,1,1,1
12433000,327.4,505.3,1.0,1,1,1
12437000,327.4,505.7,1.0,1,1,1
12441000,327.6,505.6,1.0,1,1,1
12445000,328.0,505.5,1.0,1,1,1
12449000,328.0,506.0,1.0,1,1,1
12453000,328.0,505.8,1.0,1,1,1
12457000,328.0,505.6,1.0,1,1,1
12461000,328.0,505.3,1.0,1,1,1
12465000,328.1,505.6,1.0,1,1,1
12469000,328.0,505.8,1.0,1,1,1
12473000,328.0,506.2,1.0,1,1,1
12477000,327.9,506.5,1.0,1,1,1
12480000,327.9,506.9,1.0,1,1,1
12484000,327.9,506.8,1.0,1,1,1
12488000,327.8,506.9,1.0,1,1,1
12492000,327.7,507.1,1.0,1,1,1
12496000,327.6,507.3,1.0,1,1,1
12500000,327.6,507.2,1.0,1,1,1
12504000,327.6,507.2,1.0,1,1,1
12508000,327.6,507.2,1.0,1,1,1
12513000,327.6,507.4,1.0,1,1,1
12517000,327.8,507.3,1.0,1,1,1
12521000,327.8,507.7,1.0,1,1,1
12525000,327.8,508.1,1.0,1,1,1
12529000,327.7,508.2,1.0,1,1,1
12533000,327.6,508.1,1.0,1,1,1
12537000,327.5,508.5,1.0,1,1,1
12541000,327.4,509.0,1.0,1,1,1
12545000,327.1,509.0,1.0,1,1,1
12549000,327.2,508.7,1.0,1,1,1
12553000,327.3,508.5,1.0,1,1,1
12557000,327.0,508.4,1.0,1,1,1
12561000,327.0,509.4,1.0,1,1,1
12565000,326.8,509.7,1.0,1,1,1
12569000,326.6,510.0,1.0,1,1,1
12573000,326.3,510.2,1.0,1,1,1
12577000,325.8,510.1,1.0,1,1,1
12580000,325.8,510.0,1.0,1,1,1
12584000,325.7,510.0,1.0,1,1,1
12588000,325.6,510.0,1.0,1,1,1
12592000,325.6,510.0,1.0,1,1,1
12596000,325.6,509.8,1.0,1,1,1
12600000,325.6,509.8,1.0,1,1,1
12604000,325.4,509.8,1.0,1,1,1
12608000,325.3,509.8,1.0,1,1,1
12613000,325.0,509.7,1.0,1,1,1
12617000,324.7,509.9,1.0,1,1,1
12621000,323.9,510.0,1.0,1,1,1
12625000,323.7,510.0,1.0,1,1,1
12629000,323.4,510.1,1.0,1,1,1
12633000,323.0,510.3,1.0,1,1,1
12637000,322.6,510.4,1.0,1,1,1
12641000,322.5,510.5,1.0,1,1,1
12645000,322.8,511.0,1.0,1,1,1
12649000,322.5,511.4,1.0,1,1,1
12653000,322.2,511.5,1.0,1,1,1
12657000,322.1,511.5,1.0,1,1,1
12661000,322.0,511.7,1.0,1,1,1
12665000,321.9,511.9,1.0,1,1,1
12669000,321.8,512.0,1.0,1,1,1
12673000,321.9,512.0,1.0,1,1,1
12677000,321.8,511.9,1.0,1,1,1
12681000,321.7,511.8,1.0,1,1,1
12685000,321.5,511.6,1.0,1,1,1
12689000,321.0,511.2,1.0,1,1,1
12693000,320.9,510.9,1.0,1,1,1
12697000,320.8,510.6,1.0,1,1,1
12701000,320.4,510.3,1.0,1,1,1
12705000,320.5,510.3,1.0,1,1,1
12709000,320.7,510.2,1.0,1,1,1
12713000,320.6,510.5,1.0,1,1,1
12717000,320.8,510.7,1.0,1,1,1
12721000,321.1,510.9,1.0,1,1,1
12725000,321.6,511.0,1.0,1,1,1
12729000,321.7,511.3,1.0,1,1,1
12733000,321.8,511.7,1.0,1,1,1
12737000,321.8,512.2,1.0,1,1,1
12741000,321.7,512.1,1.0,1,1,1
12745000,321.5,512.1,1.0,1,1,1
12748000,321.5,512.4,1.0,1,1,1
12752000,321.5,512.4,1.0,1,1,1
12756000,321.3,512.6,1.0,1,1,1
12760000,321.0,512.8,1.0,1,1,1
12764000,320.6,513.2,1.0,1,1,2
12768000,303.3,524.4,1.0,2,2,2
12772000,275.0,534.6,1.0,2,2,2
12776000,241.1,550.2,1.0,2,2,2
12781000,240.9,562.6,1.0,2,2,2
12785000,241.4,560.5,1.0,2,2,2
12789000,246.1,558.9,1.0,2,2,2
12793000,261.1,555.9,1.0,2,2,2
12797000,259.9,550.9,1.0,2,2,2
12801000,258.6,549.0,1.0,2,2,2
12805000,255.4,550.6,1.0,2,2,2
12809000,246.7,551.6,1.0,2,2,2
12813000,244.6,555.6,1.0,2,2,2
12817000,244.2,559.3,1.0,2,2,2
12821000,244.0,562.5,1.0,2,2,2
12825000,244.0,562.6,1.0,2,2,2
12829000,244.3,562.5,1.0,1,1,1
12833000,244.4,562.4,1.0,1,1,1
12837000,244.4,562.0,1.0,1,1,1
12841000,244.3,561.8,1.0,1,1,1
12845000,244.3,561.8,1.0,1,1,1
12848000,244.3,561.8,1.0,1,1,1
12852000,244.3,561.4,1.0,1,1,1
12856000,244.3,560.9,1.0,1,1,1
12860000,244.7,560.9,1.0,1,1,1
12864000,244.7,561.0,1.0,1,1,1
12868000,244.6,561.8,1.0,1,1,1
12872000,246.0,562.7,1.0,1,1,1
12876000,246.3,563.1,1.0,1,1,1
12881000,246.3,563.7,1.0,1,1,1
12885000,246.3,564.0,1.0,1,1,1
12889000,246.8,564.2,1.0,1,1,1
12893000,246.9,564.5,1.0,1,1,1
12897000,246.9,564.6,1.0,1,1,1
12901000,246.7,564.7,1.0,1,1,1
12905000,246.7,564.6,1.0,1,1,1
12909000,246.7,564.8,1.0,1,1,1
12913000,246.6,565.0,1.0,1,1,1
12917000,246.6,565.5,1.0,1,1,1
12921000,246.9,565.2,1.0,1,1,1
12925000,246.9,564.9,1.0,1,1,1
12929000,246.9,564.5,1.0,1,1,1
12933000,247.3,564.4,1.0,1,1,1
12937000,247.6,564.3,1.0,1,1,1
12941000,247.8,564.0,1.0,1,1,1
12945000,248.0,563.4,1.0,1,1,1
12949000,248.0,563.3,1.0,1,1,1
12953000,248.0,563.2,1.0,1,1,1
12957000,247.5,562.8,1.0,1,1,1
12961000,247.5,562.8,1.0,1,1,1
12965000,247.5,562.7,1.0,1,1,1
12969000,247.1,562.8,1.0,1,1,1
12973000,246.8,562.5,1.0,1,1,1
12977000,246.1,562.2,1.0,1,1,1
12981000,246.3,561.4,1.0,1,1,1
12985000,246.3,561.3,1.0,1,1,1
12989000,246.2,561.2,1.0,1,1,1
12993000,246.4,561.1,1.0,1,1,1
12997000,246.4,561.0,1.0,1,1,1
13001000,246.4,561.1,1.0,1,1,1
13005000,246.4,561.1,1.0,1,1,1
13009000,246.5,561.3,1.0,1,1,1
13012000,246.3,561.5,1.0,1,1,1
13016000,246.1,561.5,1.0,1,1,1
13020000,246.2,561.9,1.0,1,1,1
13024000,246.2,562.3,1.0,1,1,1
13028000,246.1,563.1,1.0,1,1,1
13032000,246.0,563.1,1.0,1,1,1
13036000,245.5,563.0,1.0,1,1,1
13040000,245.3,562.9,1.0,1,1,1
13044000,245.1,562.9,1.0,1,1,1
13049000,245.1,562.8,1.0,1,1,1
13053000,245.2,562.7,1.0,1,1,1
13057000,245.3,562.6,1.0,1,1,1
13061000,245.4,562.5,1.0,1,1,1
13065000,245.7,562.5,1.0,1,1,1
13069000,246.0,562.5,1.0,1,1,1
13073000,246.5,562.8,1.0,1,1,1
13077000,246.7,562.9,1.0,1,1,1
13081000,246.8,563.2,1.0,1,1,1
13085000,246.8,563.4,1.0,1,1,1
13089000,246.9,563.6,1.0,1,1,1
13093000,247.0,563.7,1.0,1,1,1
13097000,246.8,564.1,1.0,1,1,1
13101000,246.8,564.2,1.0,1,1,1
13105000,246.8,564.3,1.0,1,1,1
13109000,246.7,564.9,1.0,1,1,1
13112000,246.8,564.7,1.0,1,1,1
13116000,246.8,565.0,1.0,1,1,1
13120000,246.6,565.4,1.0,1,1,1
13124000,246.4,565.4,1.0,1,1,1
13128000,246.4,565.4,1.0,1,1,1
13132000,246.2,565.2,1.0,1,1,1
13136000,246.1,564.9,1.0,1,1,1
13140000,246.0,565.3,1.0,1,1,1
13144000,245.8,565.3,1.0,1,1,1
13149000,245.6,565.3,1.0,1,1,1
13153000,245.6,565.3,1.0,1,1,1
13157000,245.3,565.3,1.0,1,1,1
13161000,244.9,565.4,1.0,1,1,1
13165000,244.9,565.3,1.0,1,1,1
13169000,245.1,565.8,1.0,1,1,1
13173000,245.0,566.3,1.0,1,1,1
13177000,244.9,566.1,1.0,1,1,1
13181000,244.6,565.8,1.0,1,1,1
13185000,244.4,565.8,1.0,1,1,1
13189000,244.1,565.9,1.0,1,1,1
13193000,244.1,566.1,1.0,1,1,1
13197000,243.9,566.6,1.0,1,1,1
13201000,243.7,566.8,1.0,1,1,1
13205000,243.7,566.9,1.0,1,1,1
13209000,243.5,567.8,1.0,1,1,1
13212000,243.4,567.9,1.0,1,1,1
13216000,243.3,568.0,1.0,1,1,1
13220000,243.1,568.6,1.0,1,1,1
13224000,243.0,569.1,1.0,1,1,1
13228000,242.5,568.6,1.0,1,1,1
13232000,242.4,568.5,1.0,1,1,1
13236000,242.3,568.4,1.0,1,1,1
13240000,242.2,568.5,1.0,1,1,1
13244000,242.4,568.4,1.0,1,1,1
13249000,242.3,568.2,1.0,1,1,1
13253000,242.4,568.1,1.0,1,1,1
13257000,242.5,568.0,1.0,1,1,1
13261000,242.6,568.2,1.0,1,1,1
13265000,242.5,568.2,1.0,1,1,1
13269000,242.4,568.4,1.0,1,1,1
13273000,242.7,568.6,1.0,1,1,1
13277000,242.5,568.6,1.0,1,1,1
13281000,242.5,568.6,1.0,1,1,1
13285000,242.2,569.5,1.0,1,1,1
13289000,242.0,570.4,1.0,1,1,1
13293000,241.8,570.4,1.0,1,1,1
13297000,241.7,570.4,1.0,1,1,1
13301000,242.0,570.3,1.0,1,1,1
13305000,241.9,570.3,1.0,1,1,1
13309000,241.7,571.2,1.0,1,1,1
13313000,241.6,572.0,1.0,1,1,1
13317000,241.6,571.9,1.0,1,1,1
13321000,241.6,572.1,1.0,1,1,1
13325000,241.7,572.2,1.0,1,1,1
13329000,241.7,572.2,1.0,1,1,1
13333000,241.9,572.1,1.0,1,1,1
13337000,241.7,571.9,1.0,1,1,1
13341000,241.4,571.8,1.0,1,1,1
13345000,240.7,571.7,1.0,1,1,1
13349000,240.8,570.4,1.0,1,1,1
13353000,240.4,570.3,1.0,1,1,1
13357000,240.1,570.2,1.0,1,1,1
13361000,240.2,567.8,1.0,1,1,1
13365000,240.2,567.8,1.0,1,1,1
13369000,240.3,567.9,1.0,1,1,1
13373000,240.3,567.9,1.0,1,1,1
13377000,239.9,568.5,1.0,1,1,1
13380000,239.9,568.9,1.0,1,1,1
13384000,240.0,569.0,1.0,1,1,1
13388000,240.1,569.1,1.0,1,1,1
13392000,240.0,570.4,1.0,1,1,1
13396000,240.4,570.2,1.0,1,1,1
13400000,240.2,570.0,1.0,1,1,1
13404000,239.9,570.5,1.0,1,1,1
13408000,239.9,570.9,1.0,1,1,1
13412000,239.9,571.1,1.0,1,1,1
13417000,239.9,570.7,1.0,1,1,1
13421000,240.6,570.3,1.0,1,1,1
13425000,240.9,570.0,1.0,1,1,1
13429000,241.3,569.9,1.0,1,1,1
13433000,241.0,569.8,1.0,1,1,1
13437000,240.7,568.9,1.0,1,1,1
13441000,240.5,569.0,1.0,1,1,1
13445000,240.6,568.4,1.0,1,1,1
13449000,240.7,567.9,1.0,1,1,2
13453000,243.0,567.0,1.0,2,2,2
13457000,265.3,559.7,1.0,2,2,2
13461000,290.7,557.4,1.0,2,2,2
13465000,294.1,556.2,1.0,2,2,2
13469000,292.7,556.1,1.0,2,2,2
13473000,291.3,556.1,1.0,1,1,1
13477000,277.3,555.8,1.0,1,1,1
13480000,277.3,557.7,1.0,1,1,1
13484000,277.3,558.3,1.0,1,1,1
13488000,278.6,558.6,1.0,1,1,1
13492000,283.8,559.1,1.0,1,1,1
13496000,286.1,559.2,1.0,1,1,1
13500000,287.2,558.1,1.0,1,1,1
13504000,287.6,557.0,1.0,1,1,1
13508000,287.8,557.0,1.0,1,1,1
13512000,287.1,557.2,1.0,1,1,1
13517000,286.3,557.3,1.0,1,1,1
13521000,285.8,557.7,1.0,1,1,1
13525000,285.5,558.1,1.0,1,1,1
13529000,285.4,558.5,1.0,1,1,1
13533000,285.9,558.2,1.0,1,1,1
13537000,286.1,558.0,1.0,1,1,1
13541000,286.3,557.9,1.0,1,1,1
13545000,286.2,557.8,1.0,1,1,1
13549000,286.2,557.8,1.0,1,1,1
13553000,286.3,557.8,1.0,1,1,1
13557000,286.2,557.3,1.0,1,1,1
13561000,286.4,557.2,1.0,1,1,1
13565000,286.3,557.1,1.0,1,1,1
13569000,286.3,557.0,1.0,1,1,1
13573000,286.1,557.1,1.0,1,1,1
13577000,286.1,557.1,1.0,1,1,1
13580000,286.0,556.8,1.0,1,1,1
13584000,286.1,557.0,1.0,1,1,1
13588000,285.7,556.6,1.0,1,1,1
13592000,285.7,556.2,1.0,1,1,1
13596000,285.6,556.0,1.0,1,1,1
13600000,285.6,555.9,1.0,1,1,1
13604000,285.5,556.2,1.0,1,1,1
13608000,285.5,555.8,1.0,1,1,1
13613000,285.4,555.6,1.0,1,1,1
13617000,285.5,555.6,1.0,1,1,1
13621000,285.7,555.6,1.0,1,1,1
13625000,285.6,555.7,1.0,1,1,1
13629000,285.4,555.6,1.0,1,1,1
13633000,285.3,555.5,1.0,1,1,1
13637000,285.1,555.3,1.0,1,1,1
13641000,284.9,555.5,1.0,1,1,1
13645000,285.1,555.6,1.0,1,1,1
13649000,284.9,555.7,1.0,1,1,1
13653000,284.8,555.7,1.0,1,1,1
13657000,285.0,555.8,1.0,1,1,1
13661000,284.8,556.9,1.0,1,1,1
13665000,284.5,557.0,1.0,1,1,1
13669000,284.5,556.8,1.0,1,1,1
13673000,284.6,556.5,1.0,1,1,1
13677000,284.3,556.7,1.0,1,1,1
13681000,284.4,556.7,1.0,1,1,1
13685000,284.5,556.7,1.0,1,1,1
13689000,284.6,556.6,1.0,1,1,1
13693000,284.6,556.7,1.0,1,1,1
13697000,284.6,556.6,1.0,1,1,1
13701000,284.0,556.6,1.0,1,1,1
13705000,284.0,556.4,1.0,1,1,1
13709000,284.3,556.4,1.0,1,1,1
13713000,284.5,556.4,1.0,1,1,1
13717000,284.6,556.4,1.0,1,1,1
13721000,284.7,556.4,1.0,1,1,1
13725000,284.8,556.1,1.0,1,1,1
13729000,285.5,556.2,1.0,1,1,1
13733000,286.3,555.7,1.0,1,1,1
13737000,286.6,555.7,1.0,1,1,1
13741000,286.8,555.6,1.0,1,1,1
13745000,286.7,556.2,1.0,1,1,1
13748000,286.6,555.7,1.0,1,1,1
13752000,286.4,555.2,1.0,1,1,1
13756000,286.2,555.3,1.0,1,1,1
13760000,285.8,554.9,1.0,1,1,1
13764000,285.3,554.9,1.0,1,1,1
13768000,284.9,554.7,1.0,1,1,1
13772000,284.4,554.4,1.0,1,1,1
13776000,284.1,554.4,1.0,1,1,1
13781000,283.6,553.1,1.0,1,1,1
13785000,283.6,551.9,1.0,1,1,1
13789000,283.6,551.7,1.0,1,1,1
13793000,283.7,551.6,1.0,1,1,1
13797000,283.8,551.4,1.0,1,1,1
13801000,283.9,551.2,1.0,1,1,1
13805000,284.0,550.5,1.0,1,1,1
13809000,284.8,550.3,1.0,1,1,1
13813000,285.6,550.3,1.0,1,1,1
13817000,286.1,550.4,1.0,1,1,1
13821000,286.4,550.5,1.0,1,1,1
13825000,286.6,550.4,1.0,1,1,1
13829000,286.4,551.0,1.0,1,1,1
13833000,286.2,551.7,1.0,1,1,1
13837000,285.6,551.6,1.0,1,1,1
13841000,285.5,551.9,1.0,1,1,1
13845000,285.5,551.3,1.0,1,1,1
13848000,285.5,550.8,1.0,1,1,1
13852000,285.4,550.4,1.0,1,1,1
13856000,285.4,550.4,1.0,1,1,1
13860000,285.3,550.4,1.0,1,1,1
13864000,285.5,549.9,1.0,1,1,1
13868000,285.5,549.7,1.0,1,1,1
13872000,285.6,549.5,1.0,1,1,1
13876000,285.7,549.1,1.0,1,1,1
13881000,285.6,548.6,1.0,1,1,1
13885000,285.7,548.9,1.0,1,1,1
13889000,285.7,548.5,1.0,1,1,1
13893000,285.6,548.5,1.0,1,1,1
13897000,285.6,548.4,1.0,1,1,1
13901000,285.6,548.4,1.0,1,1,1
13905000,285.7,548.7,1.0,1,1,1
13909000,285.7,548.8,1.0,1,1,1
13913000,285.5,548.7,1.0,1,1,1
13916000,285.3,548.6,1.0,1,1,1
13920000,285.1,548.5,1.0,1,1,1
13924000,284.2,548.4,1.0,1,1,1
13928000,283.9,548.2,1.0,1,1,1
13932000,283.8,548.0,1.0,1,1,1
13936000,283.9,547.5,1.0,1,1,1
13940000,283.8,547.2,1.0,1,1,1
13944000,284.1,547.1,1.0,1,1,1
13948000,284.1,546.9,1.0,1,1,1
13952000,284.1,546.6,1.0,1,1,1
13956000,284.2,546.8,1.0,1,1,1
13960000,283.8,546.9,1.0,1,1,1
13964000,283.9,547.2,1.0,1,1,1
13968000,284.1,546.7,1.0,1,1,1
13972000,283.7,546.1,1.0,1,1,1
13976000,283.2,545.8,1.0,1,1,1
13981000,283.2,545.4,1.0,1,1,1
13985000,283.2,546.0,1.0,1,1,1
13989000,283.0,545.8,1.0,1,1,1
13993000,282.9,546.1,1.0,1,1,1
13997000,282.8,545.7,1.0,1,1,1
14001000,282.8,545.9,1.0,1,1,1
14005000,282.9,545.7,1.0,1,1,1
14009000,282.8,545.9,1.0,2,1,1
14013000,282.7,545.5,1.0,2,1,1
14016000,282.6,545.6,1.0,2,1,2
14020000,282.4,545.7,1.0,2,1,2
14024000,282.5,543.3,1.0,2,1,2
14028000,278.6,540.6,1.0,2,1,2
14032000,269.7,534.2,1.0,2,1,2
14036000,268.1,524.2,1.0,2,1,2
14040000,269.8,523.7,1.0,2,1,2
14044000,271.5,524.9,1.0,2,1,1
14049000,273.5,526.2,1.0,2,1,1
14053000,274.5,527.5,1.0,1,1,1
14057000,273.2,528.6,1.0,1,1,1
14061000,271.9,528.7,1.0,1,1,1
14065000,271.5,528.5,1.0,1,1,1
14069000,270.2,528.1,1.0,1,1,1
14073000,269.8,527.3,1.0,1,1,1
14077000,270.1,526.0,1.0,1,1,1
14081000,270.3,524.8,1.0,1,1,1
14085000,270.8,524.8,1.0,1,1,1
14089000,271.3,525.0,1.0,1,1,1
14093000,271.9,524.9,1.0,1,1,1
14097000,272.4,525.4,1.0,1,1,1
14101000,272.3,525.6,1.0,1,1,1
14105000,272.2,525.8,1.0,1,1,1
14109000,272.2,525.9,1.0,1,1,1
14113000,272.7,526.0,1.0,1,1,1
14116000,273.2,525.9,1.0,1,1,1
14120000,273.2,526.0,1.0,1,1,1
14124000,272.9,526.0,1.0,1,1,1
14128000,272.7,526.4,1.0,1,1,1
14132000,272.7,526.6,1.0,1,1,1
14136000,272.7,526.6,1.0,1,1,1
14140000,272.2,526.6,1.0,1,1,1
14144000,272.0,527.0,1.0,1,1,1
14149000,271.9,527.4,1.0,1,1,1
14153000,271.9,527.3,1.0,1,1,1
14157000,271.7,527.1,1.0,1,1,1
14161000,271.6,526.5,1.0,1,1,1
14165000,271.3,526.1,1.0,1,1,1
14169000,270.9,525.9,1.0,1,1,1
14173000,270.4,526.4,1.0,1,1,1
14177000,269.7,526.5,1.0,1,1,1
14181000,269.9,526.5,1.0,1,1,1
14184000,269.7,526.6,1.0,1,1,1
14188000,269.8,526.7,1.0,1,1,1
14192000,269.8,526.6,1.0,1,1,1
14196000,270.0,526.8,1.0,1,1,1
14200000,270.1,526.7,1.0,1,1,1
14204000,270.1,526.6,1.0,1,1,1
14208000,270.0,526.7,1.0,1,1,1
14212000,270.3,526.8,1.0,1,1,1
14216000,270.5,527.3,1.0,1,1,1
14220000,270.7,527.6,1.0,1,1,1
14224000,270.6,527.7,1.0,1,1,1
14228000,270.5,528.0,1.0,1,1,1
14232000,270.6,528.2,1.0,1,1,1
14236000,270.7,527.8,1.0,1,1,1
14240000,271.3,527.5,1.0,1,4,1
14244000,273.1,526.8,1.0,4,4,4
14249000,279.1,527.1,1.0,4,4,4
14253000,287.3,527.9,1.0,4,4,4
14257000,301.3,529.2,1.0,4,4,4
14261000,300.5,525.6,1.0,4,4,4
14265000,305.8,515.7,1.0,4,4,4
14269000,311.2,506.4,1.0,4,4,4
14273000,316.9,502.1,1.0,4,4,4
14277000,319.7,499.9,1.0,4,4,4
14281000,322.5,497.7,1.0,4,4,4
14285000,379.2,481.9,1.0,4,4,4
14289000,436.8,467.8,1.0,4,4,4
14293000,494.2,468.7,1.0,4,4,4
14297000,551.7,472.2,1.0,4,4,4
14301000,613.2,475.3,1.0,4,4,4
14305000,672.1,500.7,1.0,4,4,4
14309000,730.9,521.8,1.0,4,4,4
14313000,776.2,554.9,1.0,4,4,4
14317000,821.1,570.2,1.0,4,4,4
14321000,864.0,586.5,1.0,4,4,4
14325000,904.5,593.7,1.0,4,4,4
14329000,935.8,591.2,1.0,4,4,4
14333000,936.9,590.4,1.0,4,4,4
14337000,935.0,587.7,1.0,4,4,4
14341000,932.9,573.4,1.0,4,4,4
14345000,919.5,551.1,1.0,4,4,4
14349000,917.4,526.6,1.0,4,4,4
14353000,916.0,502.1,1.0,4,4,4
14357000,899.5,468.5,1.0,4,4,4
14361000,865.1,429.9,1.0,4,4,4
14365000,838.4,393.7,1.0,4,4,4
14369000,835.3,366.1,1.0,4,4,4
14373000,834.3,348.6,1.0,4,4,4
14377000,833.4,329.5,1.0,4,4,4
14380000,828.3,324.5,1.0,4,4,4
14384000,825.3,322.1,1.0,4,4,4
14388000,824.2,321.2,1.0,4,4,4
14392000,823.1,320.3,1.0,4,4,4
14396000,822.7,320.1,1.0,4,4,4
14400000,822.2,319.8,1.0,4,4,4
14404000,821.8,319.2,1.0,4,4,4
14408000,822.0,318.9,1.0,4,4,4
14412000,822.1,318.7,1.0,4,4,4
14417000,822.2,318.5,1.0,4,4,4
14421000,822.4,318.4,1.0,4,4,4
14425000,822.4,318.3,1.0,4,4,4
14429000,822.4,317.5,1.0,4,4,4
14433000,842.5,308.7,1.0,4,4,4
14437000,843.6,311.8,1.0,4,4,4
14441000,845.8,318.1,1.0,4,4,4
14445000,846.2,322.9,1.0,4,4,4
14449000,847.5,325.9,1.0,4,4,4
14453000,851.0,326.0,1.0,4,4,4
14457000,852.9,326.7,1.0,4,2,4
14461000,854.0,327.0,1.0,4,1,4
14465000,854.4,327.3,1.0,4,1,4
14469000,854.7,327.2,1.0,4,1,4
14473000,855.7,327.0,1.0,4,1,4
14477000,857.7,327.6,1.0,4,1,4
14481000,858.9,328.2,1.0,4,1,4
14484000,861.0,328.4,1.0,4,1,4
14488000,863.0,328.6,1.0,1,1,1
14492000,863.8,329.6,1.0,1,1,1
14496000,864.3,329.8,1.0,1,1,1
14500000,864.5,330.0,1.0,1,1,1
14504000,864.8,330.1,1.0,1,1,1
14508000,865.2,329.9,1.0,1,1,1
14512000,865.6,330.0,1.0,1,1,1
14517000,867.3,330.0,1.0,1,1,1
14521000,867.8,330.1,1.0,1,1,1
14525000,868.2,330.1,1.0,1,1,1
14529000,869.4,330.1,1.0,1,1,1
14533000,869.6,330.3,1.0,1,1,1
14537000,869.8,330.4,1.0,1,1,1
14541000,869.9,330.3,1.0,1,1,1
14545000,869.9,330.3,1.0,1,1,1
14548000,870.2,330.8,1.0,1,1,1
14552000,870.4,330.8,1.0,1,1,1
14556000,870.7,330.8,1.0,1,1,1
14560000,871.1,331.4,1.0,1,1,1
14564000,871.6,331.7,1.0,1,1,1
14568000,872.5,331.9,1.0,1,1,1
14572000,873.0,332.5,1.0,1,1,1
14576000,873.3,333.1,1.0,1,1,1
14580000,873.6,333.8,1.0,1,1,1
14584000,874.5,333.9,1.0,1,1,1
14588000,874.7,334.1,1.0,1,1,1
14592000,874.7,334.5,1.0,1,1,1
14596000,875.0,334.8,1.0,1,1,1
14600000,875.2,334.9,1.0,1,1,1
14604000,875.2,335.5,1.0,1,1,1
14608000,875.4,335.8,1.0,1,1,1
14612000,875.6,336.1,1.0,1,1,1
14617000,875.9,336.3,1.0,1,1,1
14621000,876.3,336.5,1.0,1,1,1
14625000,876.6,336.6,1.0,1,1,1
14629000,876.9,336.7,1.0,1,1,1
14633000,877.2,336.9,1.0,1,1,1
14637000,877.2,337.0,1.0,1,1,1
14641000,877.2,337.1,1.0,1,1,1
14645000,877.4,337.5,1.0,1,1,1
14648000,877.6,337.9,1.0,1,1,1
14652000,877.4,338.0,1.0,1,1,1
14656000,877.3,338.4,1.0,1,1,1
14660000,877.5,338.8,1.0,1,1,1
14664000,877.6,339.3,1.0,1,1,1
14668000,877.7,339.7,1.0,1,1,1
14672000,877.9,340.2,1.0,1,1,1
14676000,877.9,340.4,1.0,1,1,1
14680000,878.0,340.6,1.0,1,1,1
14685000,877.4,341.5,1.0,1,1,1
14689000,876.7,341.4,1.0,1,1,1
14693000,875.3,341.3,1.0,1,1,2
14697000,858.3,341.3,1.0,2,2,2
14701000,815.0,332.6,1.0,2,2,2
14705000,742.7,310.2,1.0,2,2,2
14709000,665.0,278.6,1.0,2,2,2
14713000,610.0,273.0,1.0,2,2,2
14717000,572.0,267.2,1.0,2,2,2
14721000,541.9,264.7,1.0,2,2,2
14725000,535.7,263.4,1.0,2,2,2
14729000,534.4,253.3,1.0,2,2,2
14733000,535.7,254.8,1.0,2,2,2
14737000,533.3,256.1,1.0,2,2,2
14741000,531.0,260.1,1.0,2,2,2
14745000,525.1,265.0,1.0,2,2,2
14748000,504.3,264.3,1.0,2,2,2
14752000,500.5,264.6,1.0,2,2,2
14756000,499.5,265.6,1.0,2,2,2
14760000,502.1,266.9,1.0,1,1,1
14764000,504.8,267.4,1.0,1,1,1
14768000,507.7,271.1,1.0,1,1,1
14772000,511.3,272.8,1.0,1,1,1
14776000,511.8,274.0,1.0,1,1,1
14781000,511.9,275.1,1.0,1,1,1
14785000,511.9,276.1,1.0,1,1,1
14789000,511.8,276.6,1.0,1,1,1
14793000,511.7,276.5,1.0,1,1,1
14797000,511.4,276.3,1.0,1,1,1
14801000,510.1,275.3,1.0,1,1,1
14805000,509.9,274.6,1.0,1,1,1
14809000,509.8,274.7,1.0,1,1,1
14813000,509.7,274.7,1.0,1,1,1
14816000,510.3,274.5,1.0,1,1,1
14820000,510.9,274.4,1.0,1,1,1
14824000,510.8,274.4,1.0,1,1,1
14828000,510.7,275.0,1.0,1,1,1
14832000,510.5,275.7,1.0,1,1,1
14836000,509.7,277.0,1.0,1,1,1
14840000,506.5,275.7,1.0,2,2,2
14844000,488.4,273.6,1.0,2,2,2
14848000,436.8,266.5,1.0,2,2,2
14852000,359.8,237.2,1.0,2,2,2
14856000,282.4,217.3,1.0,2,2,2
14860000,228.4,205.0,1.0,2,2,2
14864000,181.8,196.3,1.0,2,2,2
14868000,150.1,190.6,1.0,2,2,2
14872000,107.7,182.8,1.0,2,2,2
14876000,61.2,171.5,1.0,2,2,2
14881000,29.6,162.3,1.0,2,2,2
14885000,20.5,160.6,1.0,2,2,2
14889000,16.1,157.0,1.0,2,2,2
14893000,11.7,153.3,1.0,2,2,2
14897000,10.6,154.1,1.0,2,2,2
14901000,9.4,155.0,1.0,1,1,1
14905000,-1.0,155.4,1.0,1,1,1
14909000,-2.0,154.8,1.0,1,1,1
14913000,-1.7,154.5,1.0,1,1,1
14916000,-1.5,153.4,1.0,1,1,1
14920000,5.5,154.3,1.0,1,1,1
14924000,10.7,155.2,1.0,1,1,1
14928000,13.4,157.0,1.0,1,1,1
14932000,16.9,159.0,1.0,1,1,1
14936000,17.0,160.1,1.0,1,1,1
14940000,17.0,161.2,1.0,1,1,1
14944000,17.1,162.8,1.0,1,1,1
14948000,17.2,163.3,1.0,1,1,1
14952000,17.6,164.0,1.0,1,1,1
14956000,17.9,165.5,1.0,1,1,1
14960000,18.4,165.9,1.0,1,1,1
14964000,18.8,166.3,1.0,1,1,1
14968000,19.0,166.2,1.0,1,1,1
14972000,19.4,166.1,1.0,1,1,1
14976000,19.9,166.1,1.0,1,1,1
14981000,21.3,166.4,1.0,1,1,1
14985000,22.6,166.8,1.0,1,1,1
14989000,22.6,167.1,1.0,1,1,1
14993000,22.5,166.7,1.0,1,1,1
14997000,22.2,167.1,1.0,1,1,1
15001000,22.2,166.8,1.0,1,1,1
15005000,22.2,166.5,1.0,1,1,1
15009000,22.3,167.0,1.0,1,1,1
15013000,22.4,166.9,1.0,1,1,1
15016000,22.6,167.3,1.0,1,1,1
15020000,22.7,167.1,1.0,1,1,1
15024000,22.6,167.3,1.0,1,1,1
15028000,22.5,167.5,1.0,1,1,1
15032000,22.1,167.5,1.0,1,1,1
15036000,21.7,167.5,1.0,1,1,1
15040000,21.2,168.0,1.0,1,1,1
15044000,21.4,168.2,1.0,1,1,1
15049000,21.5,168.4,1.0,1,1,1
15053000,20.9,168.6,1.0,1,1,1
15057000,20.3,173.2,1.0,2,2,2
15061000,19.1,184.1,1.0,2,2,2
15065000,13.6,202.6,1.0,2,2,2
15069000,-8.1,259.1,1.0,2,2,2
15073000,-3.8,331.0,1.0,2,2,2
15077000,-2.4,419.6,1.0,2,2,2
15081000,7.9,483.7,1.0,2,2,2
15085000,45.0,527.7,1.0,2,2,2
15089000,73.3,561.3,1.0,2,2,2
15093000,74.8,590.8,1.0,2,2,2
15097000,76.2,587.7,1.0,2,2,2
15101000,72.6,584.0,1.0,2,2,2
15105000,71.8,574.3,1.0,2,2,2
15109000,71.4,577.7,1.0,2,2,2
15113000,75.4,581.7,1.0,2,2,2
15116000,79.0,593.6,1.0,2,2,2
15120000,85.9,623.7,1.0,2,2,2
15124000,85.7,630.7,1.0,2,2,2
15128000,85.1,634.1,1.0,2,2,2
15132000,84.8,634.0,1.0,2,2,2
15136000,82.1,633.5,1.0,2,2,2
15140000,81.9,629.0,1.0,2,2,2
15144000,82.0,625.4,1.0,2,2,2
15149000,82.5,617.5,1.0,2,1,1
15153000,82.4,617.8,1.0,1,1,1
15157000,82.0,618.1,1.0,1,1,1
15161000,81.6,618.6,1.0,1,1,1
15165000,80.8,619.2,1.0,1,1,1
15169000,80.6,619.5,1.0,1,1,1
15173000,80.4,619.5,1.0,1,1,1
15177000,80.0,619.6,1.0,1,1,1
15181000,79.4,620.5,1.0,1,1,1
15184000,78.5,620.4,1.0,1,1,1
15188000,77.5,620.1,1.0,1,1,1
15192000,76.9,620.2,1.0,1,1,1
15196000,76.9,620.4,1.0,1,1,1
15200000,76.8,620.3,1.0,1,1,1
15204000,76.8,620.9,1.0,1,1,1
15208000,76.7,620.9,1.0,1,1,1
15212000,76.5,620.9,1.0,1,1,1
15216000,76.6,621.4,1.0,1,1,1
15220000,76.4,621.8,1.0,1,1,1
15224000,76.7,622.6,1.0,1,1,1
15228000,76.7,623.3,1.0,1,1,1
15232000,76.8,623.6,1.0,1,1,1
15236000,76.9,623.4,1.0,1,1,1
15240000,77.0,623.3,1.0,1,1,1
15244000,77.0,623.7,1.0,1,1,1
15249000,76.9,623.9,1.0,1,1,1
15253000,77.0,624.0,1.0,1,1,1
15257000,77.0,624.2,1.0,1,1,1
15261000,77.2,624.1,1.0,1,1,1
15265000,77.7,624.1,1.0,1,1,1
15269000,77.7,624.1,1.0,1,1,1
15273000,77.9,624.1,1.0,1,1,1
15277000,77.6,624.3,1.0,1,1,1
15281000,77.6,624.3,1.0,1,1,1
15284000,77.6,624.2,1.0,1,1,1
15288000,76.6,624.3,1.0,1,1,1
15292000,76.7,623.9,1.0,1,1,1
15296000,76.8,624.0,1.0,1,1,1
15300000,76.9,624.0,1.0,1,1,1
15304000,76.9,624.4,1.0,1,1,1
15308000,76.8,624.4,1.0,1,1,1
15312000,76.2,625.0,1.0,1,1,1
15316000,76.4,625.0,1.0,1,1,1
15320000,76.4,625.0,1.0,1,1,1
15324000,76.8,624.8,1.0,1,1,1
15328000,77.3,625.1,1.0,1,1,1
15332000,77.7,625.5,1.0,1,1,1
15336000,77.9,625.6,1.0,1,1,1
15340000,78.0,625.8,1.0,1,1,1
15344000,78.1,625.7,1.0,1,1,1
15349000,76.8,625.4,1.0,1,1,1
15353000,75.4,625.1,1.0,1,1,1
15357000,73.3,624.8,1.0,2,2,2
15361000,68.5,618.3,1.0,2,2,2
15365000,43.6,609.1,1.0,2,2,2
15369000,12.9,580.2,1.0,2,2,2
15373000,16.4,548.8,1.0,2,2,2
15377000,19.1,526.3,1.0,2,2,2
15381000,25.5,523.3,1.0,2,2,2
15384000,26.9,522.5,1.0,2,2,2
15388000,26.4,525.5,1.0,2,2,2
15392000,26.0,528.5,1.0,2,2,2
15396000,16.6,539.5,1.0,2,2,2
15400000,13.4,538.8,1.0,2,2,2
15404000,12.3,538.5,1.0,2,2,2
15408000,11.5,536.7,1.0,1,1,1
15412000,11.7,532.5,1.0,1,1,1
15417000,12.2,530.3,1.0,1,1,1
15421000,12.5,530.5,1.0,1,1,1
15425000,13.2,530.7,1.0,1,1,1
15429000,13.4,531.1,1.0,1,1,1
15433000,13.2,534.7,1.0,1,1,1
15437000,12.2,535.9,1.0,1,1,1
15441000,11.1,538.4,1.0,1,1,1
15445000,11.2,539.2,1.0,1,1,1
15448000,11.3,539.5,1.0,1,1,1
15452000,11.1,539.9,1.0,1,1,1
15456000,11.2,539.7,1.0,1,1,1
15460000,11.1,539.5,1.0,1,1,1
15464000,11.2,538.8,1.0,1,1,1
15468000,10.8,538.3,1.0,1,1,1
15472000,10.5,537.9,1.0,1,1,1
15476000,10.5,537.7,1.0,1,1,1
15480000,10.5,537.5,1.0,1,1,1
15484000,10.5,537.5,1.0,1,1,1
15488000,10.7,537.5,1.0,1,1,1
15492000,10.9,537.5,1.0,1,1,1
15496000,10.9,537.5,1.0,1,1,1
15500000,10.8,537.7,1.0,1,1,1
15504000,11.0,538.0,1.0,1,1,1
15508000,11.1,538.1,1.0,1,1,1
15512000,10.8,538.3,1.0,1,1,1
15517000,10.5,538.4,1.0,1,1,1
15521000,10.6,538.5,1.0,1,1,1
15525000,10.5,538.5,1.0,1,1,1
15529000,10.4,538.9,1.0,1,1,1
15533000,10.2,539.2,1.0,1,1,1
15537000,10.0,539.8,1.0,1,1,1
15541000,9.7,540.4,1.0,1,1,1
15545000,8.9,539.9,1.0,1,1,1
15548000,8.1,539.4,1.0,1,1,1
15552000,7.2,538.0,1.0,1,1,1
15556000,5.3,523.0,1.0,2,2,2
15560000,6.5,484.7,1.0,2,2,2
15564000,12.3,414.5,1.0,2,2,2
15568000,14.9,356.6,1.0,2,2,2
15572000,14.8,295.6,1.0,2,2,2
15576000,13.9,261.4,1.0,2,2,2
15580000,-1.4,231.5,1.0,2,2,2
15584000,-11.1,203.8,1.0,2,2,2
15588000,-11.5,187.5,1.0,2,2,2
15592000,-18.7,174.3,1.0,2,2,2
15596000,-16.4,170.8,1.0,2,2,2
15600000,-14.2,168.4,1.0,2,2,2
15604000,-8.4,166.6,1.0,2,2,2
15608000,0.4,165.5,1.0,2,2,2
15612000,0.8,160.9,1.0,2,2,2
15617000,3.5,155.9,1.0,2,2,2
15621000,7.7,154.0,1.0,2,2,2
15625000,8.2,152.8,1.0,2,2,2
15629000,10.0,154.0,1.0,0,0,2
15633000,10.8,155.0,1.0,1,1,1
15637000,12.5,157.8,1.0,1,1,1
15641000,13.3,158.6,1.0,1,1,1
15645000,14.3,160.8,1.0,1,1,1
15649000,15.2,161.8,1.0,1,1,1
15652000,16.2,162.3,1.0,1,1,1
15656000,16.3,162.8,1.0,1,1,1
15660000,16.5,162.7,1.0,1,1,1
15664000,16.6,162.7,1.0,1,1,1
15668000,16.5,162.3,1.0,1,1,1
15672000,16.3,162.3,1.0,1,1,1
15676000,16.4,162.3,1.0,1,1,1
15680000,16.4,162.4,1.0,1,1,1
15685000,16.3,162.0,1.0,1,1,1
15689000,16.5,162.3,1.0,1,1,1
15693000,16.7,162.5,1.0,1,1,1
15697000,17.1,163.5,1.0,1,1,1
15701000,16.6,163.2,1.0,1,1,1
15705000,16.2,163.4,1.0,1,1,1
15709000,16.3,163.5,1.0,1,1,1
15713000,16.5,163.4,1.0,1,1,1
15717000,17.0,163.5,1.0,1,1,1
15721000,16.2,163.4,1.0,1,1,1
15725000,15.4,163.4,1.0,1,1,1
15729000,14.8,163.2,1.0,1,1,1
15733000,14.2,163.1,1.0,1,1,1
15737000,14.5,163.0,1.0,1,1,1
15741000,14.7,163.4,1.0,1,1,1
15745000,15.6,163.5,1.0,1,1,1
15748000,15.6,163.6,1.0,1,1,1
15752000,15.7,163.8,1.0,1,1,1
15756000,15.8,163.7,1.0,1,1,1
15760000,15.8,163.6,1.0,1,1,1
15764000,15.9,163.5,1.0,1,1,1
15768000,16.0,163.4,1.0,1,1,1
15772000,16.0,163.2,1.0,1,1,1
15776000,16.1,163.1,1.0,1,1,1
15780000,16.2,162.8,1.0,1,1,1
15785000,15.8,162.8,1.0,1,1,1
15789000,15.6,162.4,1.0,1,1,1
15793000,15.6,162.6,1.0,1,1,1
15797000,15.5,162.7,1.0,1,1,1
15801000,15.7,162.9,1.0,1,1,1
15805000,15.6,163.0,1.0,1,1,1
15809000,15.8,162.8,1.0,1,1,1
15813000,16.0,162.6,1.0,1,1,1
15816000,16.6,161.5,1.0,1,1,1
15820000,16.9,161.6,1.0,1,1,1
15824000,17.3,161.6,1.0,1,1,1
15828000,17.3,161.4,1.0,1,1,1
15832000,17.4,161.3,1.0,1,1,1
15836000,17.4,161.3,1.0,1,1,1
15840000,17.2,161.5,1.0,1,1,1
15844000,17.0,161.7,1.0,1,1,1
15848000,16.9,162.5,1.0,1,1,1
15852000,16.9,163.0,1.0,1,1,1
15856000,16.9,163.5,1.0,1,1,1
15860000,16.9,163.7,1.0,1,1,1
15864000,17.2,163.9,1.0,1,1,1
15868000,17.4,163.9,1.0,1,1,1
15872000,17.5,164.0,1.0,1,1,1
15876000,17.5,164.2,1.0,1,1,1
15880000,17.8,164.0,1.0,1,1,1
15885000,17.8,163.8,1.0,1,1,1
15889000,17.8,163.6,1.0,1,1,1
15893000,18.2,163.4,1.0,1,1,1
15897000,18.3,162.6,1.0,1,1,1
15901000,18.3,162.3,1.0,1,1,1
15905000,18.3,162.3,1.0,1,1,1
15909000,18.1,162.3,1.0,1,1,1
15913000,17.8,162.3,1.0,1,1,1
15916000,17.7,162.3,1.0,1,1,1
15920000,17.5,162.3,1.0,1,1,1
15924000,17.4,162.3,1.0,1,1,1
15928000,17.5,162.4,1.0,1,1,1
15932000,17.5,162.4,1.0,1,1,1
15936000,16.7,163.0,1.0,1,1,1
15940000,16.4,163.1,1.0,1,1,1
15944000,16.2,163.2,1.0,1,1,1
15948000,15.8,163.4,1.0,1,1,1
15952000,15.5,163.3,1.0,1,1,1
15956000,15.7,163.3,1.0,1,1,1
15960000,15.8,163.3,1.0,1,1,1
15964000,15.8,163.2,1.0,1,1,1
15968000,15.8,162.5,1.0,1,1,1
15972000,15.3,162.4,1.0,1,1,1
15976000,14.9,162.3,1.0,1,1,1
15980000,15.1,162.2,1.0,1,1,1
15984000,15.3,162.4,1.0,1,1,1
15988000,15.5,162.5,1.0,2,1,1
15992000,15.6,162.8,1.0,2,1,1
15996000,15.7,163.1,1.0,2,1,2
16000000,15.7,163.3,1.0,2,1,2
16004000,17.8,157.2,1.0,2,1,2
16008000,19.9,151.1,1.0,2,1,2
16012000,21.4,142.7,1.0,2,1,2
16016000,22.9,138.8,1.0,2,1,2
16020000,24.2,140.5,1.0,2,1,2
16024000,23.9,142.0,1.0,2,1,2
16028000,23.6,142.9,1.0,2,1,1
16032000,23.0,142.8,1.0,2,1,1
16036000,22.7,142.3,1.0,1,1,1
16040000,22.6,141.9,1.0,1,1,1
16044000,22.6,140.1,1.0,1,1,1
16048000,22.7,139.5,1.0,1,1,1
16053000,22.6,139.5,1.0,1,1,1
16057000,22.6,139.6,1.0,1,1,1
16061000,22.1,139.7,1.0,1,1,1
16065000,21.9,140.0,1.0,1,1,1
16069000,21.7,142.4,1.0,1,1,1
16073000,21.8,142.5,1.0,1,1,1
16077000,21.3,142.5,1.0,1,1,1
16081000,20.8,142.4,1.0,1,1,1
16084000,20.8,142.1,1.0,1,1,1
16088000,20.7,142.2,1.0,1,1,1
16092000,19.9,142.0,1.0,1,1,1
16096000,19.9,141.9,1.0,1,1,1
16100000,19.9,141.7,1.0,1,1,1
16104000,20.1,140.2,1.0,1,1,1
16108000,20.6,139.9,1.0,1,1,1
16112000,20.4,140.3,1.0,1,1,1
16116000,20.2,140.7,1.0,1,1,1
16120000,19.7,140.8,1.0,1,1,1
16124000,19.8,141.0,1.0,1,1,1
16128000,19.9,141.1,1.0,1,1,1
16132000,20.1,141.2,1.0,1,1,1
16136000,20.3,141.0,1.0,1,1,1
16140000,21.0,141.0,1.0,1,1,1
16144000,21.3,141.0,1.0,1,1,1
16149000,21.7,141.4,1.0,1,1,1
16153000,22.4,141.8,1.0,1,1,1
16157000,22.4,142.0,1.0,1,1,1
16161000,22.5,142.1,1.0,1,1,1
16165000,23.8,141.6,1.0,1,1,1
16169000,25.2,141.6,1.0,1,1,1
16173000,25.3,141.5,1.0,1,1,1
16177000,25.4,141.5,1.0,1,1,1
16181000,25.6,141.4,1.0,1,1,1
16184000,25.6,141.7,1.0,1,1,1
16188000,25.8,141.5,1.0,1,1,1
16192000,26.0,141.4,1.0,1,1,1
16196000,26.6,140.8,1.0,1,1,1
16200000,26.8,140.2,1.0,1,1,1
16204000,27.0,140.0,1.0,1,1,1
16208000,27.5,139.8,1.0,1,1,1
16212000,27.4,139.6,1.0,1,1,1
16216000,27.5,139.4,1.0,1,1,1
16220000,27.3,139.0,1.0,1,1,1
16224000,27.6,139.2,1.0,1,1,1
16228000,27.7,139.3,1.0,1,1,1
16232000,27.8,139.4,1.0,1,1,1
16236000,27.9,139.3,1.0,1,1,1
16240000,28.1,139.2,1.0,1,1,1
16244000,29.3,138.0,1.0,1,1,1
16248000,29.4,137.9,1.0,1,1,1
16253000,29.5,138.3,1.0,1,1,1
16257000,29.5,138.6,1.0,1,1,1
16261000,29.5,138.8,1.0,1,1,1
16265000,29.4,138.8,1.0,1,1,1
16269000,29.3,139.1,1.0,1,1,1
16273000,29.2,139.1,1.0,1,1,1
16277000,29.0,139.5,1.0,1,1,1
16281000,28.7,139.4,1.0,1,1,1
16284000,28.5,139.4,1.0,1,1,1
16288000,28.5,139.4,1.0,1,1,1
16292000,28.5,139.3,1.0,1,1,1
16296000,28.6,139.2,1.0,1,1,1
16300000,28.4,139.3,1.0,1,1,1
16304000,28.2,139.4,1.0,1,1,1
16308000,28.2,139.9,1.0,1,1,1
16312000,28.5,139.7,1.0,1,1,1
16316000,28.8,139.9,1.0,1,1,1
16320000,29.4,139.5,1.0,1,1,1
16324000,29.6,139.1,1.0,1,1,1
16328000,30.4,139.0,1.0,1,1,1
16332000,31.4,139.1,1.0,1,1,1
16336000,31.4,138.9,1.0,1,1,1
16340000,31.8,138.7,1.0,1,1,1
16344000,32.2,139.4,1.0,1,1,1
16348000,33.1,140.2,1.0,1,1,1
16352000,42.9,143.6,1.0,2,2,2
16356000,70.0,158.2,1.0,2,2,2
16360000,122.3,189.3,1.0,2,2,2
16364000,176.4,236.2,1.0,2,2,2
16368000,236.0,281.2,1.0,2,2,2
16372000,282.6,327.7,1.0,2,2,2
16376000,324.4,372.9,1.0,2,2,2
16380000,372.3,389.4,1.0,2,2,2
16384000,413.4,398.4,1.0,2,2,2
16388000,439.3,397.1,1.0,2,2,2
16392000,442.7,394.3,1.0,2,2,2
16396000,443.0,383.5,1.0,2,2,2
16400000,443.2,389.1,1.0,2,2,2
16404000,449.8,395.1,1.0,2,2,2
16408000,461.7,407.1,1.0,2,2,2
16412000,478.0,432.0,1.0,2,2,2
16417000,487.7,434.2,1.0,2,2,2
16421000,487.2,433.1,1.0,2,2,2
16425000,486.7,432.0,1.0,1,1,1
16429000,484.6,429.4,1.0,1,1,1
16433000,483.6,427.1,1.0,1,1,1
16437000,482.7,425.6,1.0,1,1,1
16441000,480.6,425.5,1.0,1,1,1
16445000,480.2,425.5,1.0,1,1,1
16449000,480.6,425.6,1.0,1,1,1
16452000,480.8,426.2,1.0,1,1,1
16456000,480.9,427.7,1.0,1,1,1
16460000,481.0,429.1,1.0,1,1,1
16464000,480.9,430.1,1.0,1,1,1
16468000,480.7,430.1,1.0,1,1,1
16472000,480.1,430.1,1.0,1,1,1
16476000,480.1,430.4,1.0,1,1,1
16480000,479.8,430.5,1.0,1,1,1
16484000,479.7,430.6,1.0,1,1,1
16488000,479.6,432.4,1.0,1,1,1
16492000,479.8,432.2,1.0,1,1,1
16496000,479.9,432.6,1.0,1,1,1
16500000,480.3,432.6,1.0,1,1,1
16504000,480.7,432.7,1.0,1,1,1
16508000,481.1,433.3,1.0,1,1,1
16512000,481.3,433.5,1.0,1,1,1
16517000,481.5,433.7,1.0,1,1,1
16521000,481.8,433.8,1.0,1,1,1
16525000,481.9,433.9,1.0,1,1,1
16529000,482.0,433.9,1.0,1,1,1
16533000,482.5,433.9,1.0,1,1,1
16537000,482.6,433.9,1.0,1,1,1
16541000,482.6,434.0,1.0,1,1,1
16545000,482.7,434.3,1.0,1,1,1
16549000,482.6,434.5,1.0,1,1,1
16552000,484.6,433.5,1.0,1,1,1
16556000,486.6,432.5,1.0,2,2,2
16560000,490.8,430.4,1.0,2,2,2
16564000,522.2,419.7,1.0,2,2,2
16568000,564.1,391.8,1.0,2,2,2
16572000,608.9,364.2,1.0,2,2,2
16576000,639.4,344.6,1.0,2,2,2
16580000,653.8,344.6,1.0,2,2,2
16584000,654.5,344.4,1.0,2,2,2
16588000,653.8,346.1,1.0,2,2,2
16592000,653.0,347.9,1.0,2,2,2
16596000,655.2,351.6,1.0,2,2,2
16600000,657.3,352.2,1.0,2,2,2
16604000,663.0,352.2,1.0,2,2,2
16608000,677.5,352.3,1.0,1,1,1
16612000,684.6,351.1,1.0,1,1,1
16616000,684.6,349.7,1.0,1,1,1
16620000,684.6,350.0,1.0,1,1,1
16624000,684.7,350.2,1.0,1,1,1
16628000,682.5,349.8,1.0,1,1,1
16632000,681.8,349.5,1.0,1,1,1
16636000,681.5,349.6,1.0,1,1,1
16640000,681.2,349.8,1.0,1,1,1
16644000,681.9,350.0,1.0,1,1,1
16648000,682.1,350.1,1.0,1,1,1
16652000,682.3,350.0,1.0,1,1,1
16656000,682.7,349.8,1.0,1,1,1
16660000,682.8,349.5,1.0,1,1,1
16664000,682.8,349.1,1.0,1,1,1
16668000,682.8,349.0,1.0,1,1,1
16672000,682.7,349.0,1.0,1,1,1
16676000,682.0,348.8,1.0,1,1,1
16680000,681.8,348.8,1.0,1,1,1
16685000,681.8,348.9,1.0,1,1,1
16689000,681.8,347.2,1.0,1,1,1
16693000,681.9,346.9,1.0,1,1,1
16697000,682.0,346.7,1.0,1,1,1
16701000,682.2,345.6,1.0,1,1,1
16705000,684.0,345.1,1.0,1,1,1
16709000,684.1,344.9,1.0,1,1,1
16713000,684.2,344.9,1.0,1,1,1
16716000,684.7,344.9,1.0,1,1,1
16720000,684.9,344.9,1.0,1,1,1
16724000,685.1,343.9,1.0,1,1,1
16728000,685.6,343.1,1.0,1,1,1
16732000,686.4,342.6,1.0,1,1,1
16736000,686.5,342.5,1.0,1,1,1
16740000,686.6,342.4,1.0,1,1,1
16744000,687.6,342.8,1.0,1,1,1
16748000,687.9,343.2,1.0,1,1,1
16752000,688.0,343.2,1.0,1,1,1
16756000,688.0,343.5,1.0,1,1,1
16760000,684.0,343.8,1.0,1,1,1
16764000,682.3,342.9,1.0,1,1,1
16768000,676.2,341.8,1.0,1,1,1
16772000,668.2,339.6,1.0,1,4,1
16776000,669.7,336.2,1.0,1,4,1
16780000,671.3,333.7,1.0,1,4,1
16785000,672.1,331.3,1.0,1,4,1
16789000,672.2,326.0,1.0,1,4,1
16793000,672.3,324.3,1.0,1,4,1
16797000,672.2,323.4,1.0,1,4,1
16801000,672.2,323.0,1.0,1,4,1
16805000,672.1,322.6,1.0,1,4,1
16809000,672.1,326.0,1.0,4,4,4
16813000,671.8,333.5,1.0,4,4,4
16816000,671.0,372.5,1.0,4,4,4
16820000,664.1,425.2,1.0,4,4,4
16824000,664.1,447.5,1.0,4,4,4
16828000,664.1,453.1,1.0,4,4,4
16832000,664.0,458.7,1.0,4,4,4
16836000,664.0,464.3,1.0,4,4,4
16840000,664.0,469.9,1.0,4,4,4
16844000,664.0,469.9,1.0,4,4,4
16848000,0.0,0.0,0.0,4,4,4
16852000,0.0,0.0,0.0,4,4,4
16856000,0.0,0.0,0.0,4,4,4
16860000,0.0,0.0,0.0,4,4,4
16864000,0.0,0.0,0.0,4,4,4
16868000,273.0,739.7,1.0,4,4,4
16872000,272.9,739.7,1.0,4,4,4
16876000,274.1,730.6,1.0,4,4,4
16880000,275.3,721.6,1.0,4,4,4
16885000,277.6,703.5,1.0,4,4,4
16889000,282.1,667.4,1.0,4,4,4
16893000,285.4,633.3,1.0,4,4,4
16897000,289.5,599.6,1.0,4,4,4
16901000,294.7,569.7,1.0,4,4,4
16905000,296.2,547.8,1.0,4,4,4
16909000,297.5,531.2,1.0,4,4,4
16913000,297.9,527.1,1.0,4,4,4
16916000,299.4,523.1,1.0,4,4,4
16920000,300.3,523.1,1.0,4,4,4
16924000,300.5,523.0,1.0,4,4,4
16928000,300.4,522.3,1.0,4,4,4
16932000,300.2,521.4,1.0,4,4,4
16936000,300.2,519.4,1.0,4,4,4
16940000,300.1,519.4,1.0,4,4,4
16944000,299.8,519.5,1.0,4,4,4
16948000,298.7,519.5,1.0,4,4,4
16952000,298.5,519.5,1.0,4,4,4
16956000,298.2,521.5,1.0,4,4,4
16960000,297.6,521.7,1.0,4,4,4
16964000,297.1,521.9,1.0,4,4,4
16968000,296.9,522.1,1.0,4,4,4
16972000,295.9,522.8,1.0,4,4,4
16976000,295.7,523.5,1.0,4,4,4
16980000,295.8,523.5,1.0,4,4,4
16984000,295.8,523.5,1.0,4,4,4
16988000,295.8,523.5,1.0,4,4,4
16992000,295.3,523.3,1.0,4,4,4
16996000,309.7,506.0,1.0,4,4,4
17000000,310.0,507.8,1.0,4,4,4
17004000,310.7,511.5,1.0,4,4,4
17008000,311.2,513.6,1.0,4,4,4
17012000,312.5,516.4,1.0,4,4,4
17016000,312.9,521.1,1.0,4,1,4
17020000,313.5,521.6,1.0,1,1,1
17024000,313.2,523.4,1.0,1,1,1
17028000,313.0,525.2,1.0,1,1,1
17032000,312.9,525.4,1.0,1,1,1
17036000,312.9,525.5,1.0,1,1,1
17040000,312.1,526.1,1.0,1,1,1
17044000,311.7,526.7,1.0,1,1,1
17048000,311.5,527.2,1.0,1,1,1
17053000,311.8,527.7,1.0,1,1,1
17057000,311.7,528.0,1.0,1,1,1
17061000,311.7,527.9,1.0,1,1,1
17065000,310.2,527.7,1.0,1,1,1
17069000,310.0,527.2,1.0,1,1,1
17073000,308.4,526.9,1.0,1,1,1
17077000,308.3,526.7,1.0,1,1,1
17081000,308.1,525.9,1.0,1,1,1
17084000,307.5,526.3,1.0,1,1,1
17088000,306.1,526.1,1.0,1,1,1
17092000,305.8,526.1,1.0,1,1,1
17096000,305.4,526.3,1.0,1,1,1
17100000,305.0,526.4,1.0,1,1,1
17104000,304.2,526.5,1.0,1,1,1
17108000,303.5,526.5,1.0,1,1,1
17112000,303.5,526.9,1.0,1,1,1
17116000,303.4,527.4,1.0,1,1,1
17120000,302.8,527.8,1.0,1,1,1
17124000,302.2,528.3,1.0,1,1,1
17128000,302.3,529.3,1.0,1,1,1
17132000,302.2,529.7,1.0,1,1,1
17136000,302.1,530.0,1.0,1,1,1
17140000,302.0,530.8,1.0,1,1,1
17144000,301.9,531.8,1.0,1,1,1
17148000,301.7,532.1,1.0,1,1,1
17153000,300.5,532.4,1.0,1,1,1
17157000,300.3,532.4,1.0,1,1,1
17161000,300.1,532.4,1.0,1,1,1
17165000,299.6,533.4,1.0,1,1,1
17169000,299.1,533.8,1.0,1,1,1
17173000,298.5,533.9,1.0,1,1,1
17177000,298.4,534.0,1.0,1,1,1
17181000,298.3,534.3,1.0,1,1,1
17184000,298.2,534.7,1.0,1,1,1
17188000,297.7,542.2,1.0,2,2,2
17192000,297.6,565.4,1.0,2,2,2
17196000,296.3,616.5,1.0,2,2,2
17200000,295.9,667.8,1.0,2,2,2
17204000,294.9,706.2,1.0,2,2,2
17208000,295.2,702.2,1.0,2,2,2
17212000,295.5,698.2,1.0,2,2,2
17216000,297.5,682.4,1.0,2,2,2
17220000,298.3,665.7,1.0,2,2,2
17224000,298.7,657.8,1.0,2,2,2
17228000,298.5,666.1,1.0,2,2,2
17232000,298.2,674.3,1.0,2,2,2
17236000,298.6,695.1,1.0,2,2,2
17240000,300.0,701.9,1.0,2,2,2
17244000,300.3,703.9,1.0,2,2,2
17248000,300.2,703.8,1.0,2,2,2
17253000,300.1,703.7,1.0,1,1,1
17257000,299.3,703.3,1.0,1,1,1
17261000,299.4,700.2,1.0,1,1,1
17265000,299.4,698.4,1.0,1,1,1
17269000,299.7,698.0,1.0,1,1,1
17273000,300.0,697.9,1.0,1,1,1
17277000,300.1,697.8,1.0,1,1,1
17281000,300.2,697.9,1.0,1,1,1
17284000,300.1,697.9,1.0,1,1,1
17288000,300.0,698.1,1.0,1,1,1
17292000,299.7,698.3,1.0,1,1,1
17296000,299.8,698.3,1.0,1,1,1
17300000,299.7,698.0,1.0,1,1,1
17304000,299.7,697.6,1.0,1,1,1
17308000,299.7,696.9,1.0,1,1,1
17312000,299.7,696.8,1.0,1,1,1
17316000,299.6,696.6,1.0,1,1,1
17320000,299.8,696.0,1.0,1,1,1
17324000,299.4,696.1,1.0,1,1,1
17328000,299.1,696.2,1.0,1,1,1
17332000,298.4,696.7,1.0,1,1,1
17336000,298.2,696.7,1.0,1,1,1
17340000,298.1,696.7,1.0,1,1,1
17344000,298.4,696.7,1.0,1,1,1
17348000,298.4,696.6,1.0,1,1,1
17352000,298.6,696.1,1.0,1,1,1
17356000,298.6,695.8,1.0,1,1,1
17360000,298.5,695.5,1.0,1,1,1
17364000,298.5,695.1,1.0,1,1,1
17368000,298.8,695.2,1.0,1,1,1
17372000,299.0,695.0,1.0,1,1,1
17376000,299.5,695.1,1.0,1,1,1
17380000,299.3,695.2,1.0,1,1,1
17384000,299.4,695.4,1.0,1,1,1
17388000,299.4,695.4,1.0,1,1,1
17392000,299.4,695.5,1.0,1,1,1
17396000,299.4,695.7,1.0,1,1,1
17400000,298.5,695.7,1.0,1,1,1
17404000,298.6,695.5,1.0,1,1,1
17408000,298.2,695.6,1.0,1,1,1
17412000,298.1,695.6,1.0,1,1,1
17416000,298.1,695.7,1.0,1,1,1
17421000,298.2,695.6,1.0,1,1,1
17425000,298.9,695.6,1.0,1,1,1
17429000,299.1,696.1,1.0,1,1,1
17433000,299.2,696.1,1.0,1,1,1
17437000,299.3,696.4,1.0,1,1,1
17441000,299.5,696.6,1.0,1,1,1
17445000,299.5,696.6,1.0,1,1,1
17449000,299.6,696.6,1.0,1,1,1
17452000,299.6,696.6,1.0,1,1,1
17456000,298.5,696.5,1.0,1,1,1
17460000,298.5,696.5,1.0,1,1,1
17464000,298.6,696.1,1.0,1,1,1
17468000,298.7,695.7,1.0,1,1,1
17472000,298.5,695.5,1.0,1,1,1
17476000,298.3,695.4,1.0,1,1,1
17480000,298.4,695.7,1.0,1,1,1
17484000,298.4,695.9,1.0,1,1,1
17488000,298.4,696.0,1.0,1,1,1
17492000,298.3,696.0,1.0,1,1,1
17496000,298.6,695.9,1.0,1,1,1
17500000,298.6,695.8,1.0,1,1,1
17504000,298.6,695.5,1.0,1,1,1
17508000,298.0,695.4,1.0,1,1,1
17512000,297.4,695.4,1.0,1,1,1
17516000,297.3,695.4,1.0,1,1,1
17520000,297.4,694.6,1.0,1,1,1
17524000,297.4,694.2,1.0,1,1,1
17528000,297.2,694.0,1.0,1,1,1
17532000,297.0,693.9,1.0,1,1,1
17536000,296.8,693.8,1.0,1,1,1
17540000,296.6,693.6,1.0,1,1,1
17544000,295.8,693.5,1.0,1,1,1
17548000,295.7,693.6,1.0,1,1,1
17552000,295.7,693.7,1.0,1,1,1
17556000,295.3,693.6,1.0,1,1,1
17560000,295.0,693.6,1.0,1,1,1
17564000,294.7,693.5,1.0,1,1,1
17568000,294.5,693.5,1.0,1,1,1
17572000,294.2,693.5,1.0,1,1,1
17576000,294.0,693.6,1.0,1,1,1
17580000,293.7,693.5,1.0,1,1,1
17584000,293.6,693.5,1.0,1,1,1
17588000,293.2,693.4,1.0,1,1,1
17592000,292.8,693.6,1.0,1,1,1
17596000,292.0,693.7,1.0,1,1,1
17600000,291.4,693.7,1.0,1,1,1
17604000,291.5,686.9,1.0,2,2,2
17608000,289.6,679.9,1.0,2,2,2
17612000,281.7,647.3,1.0,2,2,2
17616000,275.3,628.6,1.0,2,2,2
17620000,277.2,578.8,1.0,2,2,2
17624000,278.6,541.2,1.0,2,2,2
17628000,278.4,540.6,1.0,2,2,2
17632000,278.2,541.5,1.0,2,1,1
17636000,277.6,542.4,1.0,2,1,1
17640000,276.8,553.0,1.0,2,1,1
17644000,276.5,553.8,1.0,2,1,1
17648000,276.2,553.9,1.0,1,1,1
17652000,273.6,551.0,1.0,1,1,1
17656000,273.3,548.3,1.0,1,1,1
17660000,274.1,541.7,1.0,1,1,1
17664000,274.6,540.9,1.0,1,1,1
17668000,274.7,541.4,1.0,1,1,1
17672000,274.8,541.9,1.0,1,1,1
17676000,275.0,544.0,1.0,1,1,1
17680000,275.2,544.9,1.0,1,1,1
17684000,275.3,547.9,1.0,1,1,1
17688000,275.5,548.6,1.0,1,1,1
17692000,275.2,548.7,1.0,1,1,1
17696000,274.9,548.7,1.0,1,1,1
17700000,275.1,549.5,1.0,1,1,1
17704000,275.2,549.4,1.0,1,1,1
17708000,275.3,549.3,1.0,1,1,1
17712000,275.4,548.7,1.0,1,1,1
17716000,275.4,548.8,1.0,1,1,1
17720000,275.4,548.8,1.0,1,1,1
17724000,275.6,548.8,1.0,1,1,1
17728000,275.7,549.9,1.0,1,1,1
17732000,275.4,550.1,1.0,1,1,1
17736000,275.2,549.8,1.0,1,1,1
17740000,274.6,549.4,1.0,1,1,1
17744000,274.7,545.9,1.0,1,1,1
17748000,274.8,544.4,1.0,1,1,1
17752000,273.9,543.8,1.0,1,1,1
17756000,274.3,543.4,1.0,1,1,1
17760000,274.6,543.7,1.0,1,1,1
17764000,274.6,543.9,1.0,1,1,1
17768000,274.9,543.9,1.0,1,1,1
17772000,275.2,544.0,1.0,1,1,1
17776000,275.7,545.4,1.0,1,1,1
17780000,275.6,546.8,1.0,1,1,1
17785000,275.5,547.7,1.0,1,1,1
17789000,275.3,548.0,1.0,1,1,1
17793000,275.3,548.4,1.0,1,1,1
17797000,275.3,549.1,1.0,1,1,1
17801000,273.8,549.1,1.0,1,1,1
17805000,273.7,549.1,1.0,1,1,1
17809000,273.7,549.0,1.0,1,1,1
17813000,273.2,548.4,1.0,1,1,1
17817000,273.2,547.8,1.0,1,1,1
17820000,273.3,545.9,1.0,1,1,1
17824000,273.4,545.8,1.0,1,1,1
17828000,272.2,545.9,1.0,1,1,1
17832000,272.5,546.1,1.0,1,1,1
17836000,272.8,546.3,1.0,1,1,1
17840000,272.9,546.4,1.0,1,1,1
17844000,273.5,546.2,1.0,1,1,1
17848000,273.4,546.5,1.0,1,1,1
17852000,273.6,546.7,1.0,1,1,1
17856000,273.6,546.8,1.0,1,1,1
17860000,273.7,546.9,1.0,1,1,1
17864000,273.5,547.8,1.0,1,1,1
17868000,273.4,548.3,1.0,1,1,1
17872000,273.3,548.2,1.0,1,1,1
17876000,272.8,548.1,1.0,1,1,1
17880000,272.6,548.4,1.0,1,1,1
17885000,272.5,548.3,1.0,1,1,1
17889000,272.4,548.3,1.0,1,1,1
17893000,272.6,548.4,1.0,1,1,1
17897000,272.7,548.2,1.0,1,1,1
17901000,272.8,548.5,1.0,1,1,1
17905000,272.9,548.3,1.0,1,1,1
17909000,272.9,548.0,1.0,1,1,1
17913000,272.9,547.2,1.0,1,1,1
17917000,272.9,546.7,1.0,1,1,1
17920000,272.9,546.1,1.0,1,1,1
17924000,272.9,546.1,1.0,1,1,1
17928000,272.7,546.1,1.0,1,1,1
17932000,272.4,546.8,1.0,1,1,1
17936000,272.0,547.6,1.0,1,1,1
17940000,270.1,548.1,1.0,1,1,1
17944000,269.3,548.3,1.0,2,1,2
17948000,268.6,547.6,1.0,2,1,2
17952000,263.6,546.4,1.0,2,1,2
17956000,258.7,534.6,1.0,2,1,2
17960000,258.7,518.2,1.0,2,1,2
17964000,259.6,516.9,1.0,2,1,2
17968000,260.6,516.7,1.0,2,1,2
17972000,263.0,520.4,1.0,2,1,2
17976000,263.3,523.8,1.0,1,1,1
17980000,262.9,523.8,1.0,1,1,1
17984000,262.5,523.7,1.0,1,1,1
17988000,260.0,522.7,1.0,1,1,1
17992000,259.8,522.3,1.0,1,1,1
17996000,260.0,520.6,1.0,1,1,1
18000000,260.1,520.0,1.0,1,1,1
18004000,260.5,520.0,1.0,1,1,1
18008000,261.4,520.3,1.0,1,1,1
18012000,262.3,520.6,1.0,1,1,1
18016000,262.5,521.1,1.0,1,1,1
18020000,262.4,521.2,1.0,1,1,1
18024000,262.2,521.3,1.0,1,1,1
18028000,262.0,522.3,1.0,1,1,1
18032000,262.0,522.0,1.0,1,1,1
18036000,261.9,522.0,1.0,1,1,1
18040000,261.5,521.7,1.0,1,1,1
18044000,261.3,521.3,1.0,1,1,1
18048000,261.1,521.2,1.0,1,1,1
18053000,260.9,521.2,1.0,1,1,1
18057000,261.1,521.3,1.0,1,1,1
18061000,261.2,521.4,1.0,1,1,1
18065000,261.7,521.4,1.0,1,1,1
18069000,262.2,521.2,1.0,1,1,1
18073000,262.7,521.0,1.0,1,1,1
18077000,262.8,521.5,1.0,1,1,1
18081000,262.8,521.9,1.0,1,1,1
18084000,263.5,522.4,1.0,1,1,1
18088000,263.9,522.2,1.0,1,1,1
18092000,264.3,522.0,1.0,1,1,1
18096000,266.3,522.0,1.0,1,1,1
18100000,267.5,522.0,1.0,1,1,1
18104000,271.1,522.2,1.0,1,1,1
18108000,271.6,521.8,1.0,1,1,1
18112000,272.1,521.8,1.0,1,1,1
18116000,273.2,522.1,1.0,1,1,1
18120000,274.3,521.8,1.0,1,1,1
18124000,275.0,521.5,1.0,1,1,1
18128000,276.8,521.7,1.0,1,1,1
18132000,277.6,521.7,1.0,1,1,1
18136000,280.5,521.4,1.0,1,1,1
18140000,280.9,520.9,1.0,1,1,1
18144000,281.0,520.9,1.0,1,1,1
18148000,281.0,521.2,1.0,1,1,1
18153000,280.9,521.4,1.0,1,1,1
18157000,280.8,521.7,1.0,1,1,1
18161000,280.3,521.8,1.0,1,1,1
18165000,279.9,521.8,1.0,1,1,1
18169000,278.3,521.9,1.0,1,1,1
18173000,278.0,521.8,1.0,1,1,1
18177000,277.9,521.7,1.0,1,1,1
18181000,277.9,520.4,1.0,1,1,1
18184000,277.9,520.2,1.0,1,1,1
18188000,278.0,518.9,1.0,1,1,1
18192000,277.9,518.1,1.0,1,1,1
18196000,277.8,516.1,1.0,1,1,1
18200000,277.9,515.5,1.0,1,1,1
18204000,277.4,515.4,1.0,1,1,1
18208000,277.4,515.3,1.0,1,1,1
18212000,277.3,513.7,1.0,1,1,1
18216000,277.3,513.7,1.0,1,1,1
18220000,277.2,513.6,1.0,1,1,1
18224000,277.1,511.3,1.0,1,1,1
18228000,275.2,511.0,1.0,1,1,1
18232000,273.8,510.7,1.0,1,1,1
18236000,270.8,510.2,1.0,1,1,1
18240000,270.6,510.0,1.0,1,1,1
18244000,270.5,509.8,1.0,1,1,1
18248000,269.5,509.6,1.0,1,1,1
18252000,269.9,509.6,1.0,1,1,1
18256000,270.4,508.6,1.0,1,1,1
18260000,270.6,507.6,1.0,1,1,1
18264000,270.9,506.6,1.0,1,1,1
18268000,270.8,506.1,1.0,1,1,1
18272000,271.2,505.6,1.0,1,1,1
18276000,271.6,504.9,1.0,1,1,1
18280000,272.4,504.3,1.0,1,1,1
18284000,272.5,501.5,1.0,1,1,1
18288000,274.4,501.5,1.0,1,1,1
18292000,274.6,501.4,1.0,1,1,1
18296000,274.8,501.5,1.0,1,1,1
18300000,274.7,501.7,1.0,1,1,1
18304000,274.5,502.1,1.0,1,1,1
18308000,274.4,502.1,1.0,1,1,1
18312000,274.5,502.2,1.0,1,1,1
18316000,274.5,502.9,1.0,1,1,1
18320000,275.8,503.6,1.0,1,1,1
18324000,275.7,504.5,1.0,1,1,1
18328000,275.7,504.8,1.0,1,1,1
18332000,275.4,504.6,1.0,1,1,1
18336000,275.4,504.6,1.0,1,1,1
18340000,275.4,504.7,1.0,1,1,1
18344000,275.5,504.8,1.0,1,1,1
18348000,275.5,504.6,1.0,1,1,1
18352000,275.4,505.2,1.0,1,1,1
18356000,275.6,505.7,1.0,1,1,1
18360000,275.4,505.8,1.0,1,1,1
18364000,275.1,505.8,1.0,1,1,1
18368000,275.0,505.6,1.0,1,1,1
18372000,274.9,506.0,1.0,1,1,1
18376000,275.5,506.5,1.0,1,1,1
18380000,276.1,507.7,1.0,1,1,2
18384000,278.3,512.4,1.0,2,2,2
18388000,283.4,518.8,1.0,2,2,2
18392000,283.9,537.3,1.0,2,2,2
18396000,283.6,542.6,1.0,2,2,2
18400000,283.9,545.0,1.0,2,2,2
18404000,283.7,540.0,1.0,2,2,2
18408000,283.5,535.0,1.0,2,2,2
18412000,283.0,534.8,1.0,2,2,2
18416000,282.9,534.8,1.0,2,1,1
18421000,282.8,534.8,1.0,2,1,1
18425000,280.5,540.6,1.0,2,1,1
18429000,279.8,545.5,1.0,2,1,1
18433000,279.2,545.9,1.0,2,1,1
18437000,277.9,546.5,1.0,2,1,1
18441000,276.8,547.0,1.0,1,1,1
18445000,275.7,547.1,1.0,1,1,1
18449000,275.2,548.0,1.0,1,1,1
18452000,274.8,548.7,1.0,1,1,1
18456000,272.7,548.9,1.0,1,1,1
18460000,272.6,549.3,1.0,1,1,1
18464000,272.3,550.9,1.0,1,1,1
18468000,270.7,551.3,1.0,1,1,1
18472000,269.1,551.7,1.0,1,1,1
18476000,268.2,552.0,1.0,1,1,1
18480000,268.2,551.9,1.0,1,1,1
18484000,268.1,552.9,1.0,1,1,1
18488000,267.4,553.8,1.0,1,1,1
18492000,266.8,554.3,1.0,1,1,1
18496000,266.0,554.9,1.0,1,1,1
18500000,265.7,555.0,1.0,1,1,1
18504000,265.6,555.2,1.0,1,1,1
18508000,265.5,555.2,1.0,1,1,1
18512000,265.5,555.1,1.0,1,1,1
18516000,265.3,555.4,1.0,1,1,1
18520000,265.2,555.7,1.0,1,1,1
18524000,265.0,556.0,1.0,1,1,1
18528000,264.8,555.9,1.0,1,1,1
18532000,264.5,555.8,1.0,1,1,1
18536000,264.3,555.7,1.0,1,1,1
18540000,264.4,555.6,1.0,1,1,1
18544000,264.1,555.6,1.0,1,1,1
18548000,264.1,555.6,1.0,1,1,1
18552000,264.3,555.9,1.0,1,1,1
18556000,264.5,556.1,1.0,1,1,1
18560000,264.9,556.6,1.0,1,1,1
18564000,264.9,557.0,1.0,1,1,1
18568000,264.9,557.6,1.0,1,1,1
18572000,265.2,557.8,1.0,1,1,1
18576000,264.9,557.9,1.0,1,1,1
18580000,264.9,558.0,1.0,1,1,1
18584000,265.1,558.2,1.0,1,1,1
18588000,265.0,558.2,1.0,1,1,1
18592000,265.0,558.2,1.0,1,1,1
18596000,265.4,558.6,1.0,1,1,1
18600000,265.3,558.9,1.0,1,1,1
18604000,265.1,559.1,1.0,1,1,1
18608000,264.9,559.2,1.0,1,1,1
18612000,264.7,559.9,1.0,1,1,1
18616000,263.8,560.1,1.0,1,1,1
18620000,263.3,560.4,1.0,1,1,1
18624000,262.6,561.2,1.0,1,1,1
18628000,261.6,561.4,1.0,1,1,1
18632000,261.5,561.8,1.0,1,1,1
18636000,261.3,562.6,1.0,1,1,1
18640000,261.1,562.8,1.0,1,1,1
18644000,261.0,563.0,1.0,1,1,1
18648000,260.6,564.5,1.0,1,1,1
18652000,260.3,565.3,1.0,1,1,1
18656000,259.7,565.9,1.0,1,1,1
18660000,259.7,566.8,1.0,1,1,1
18664000,259.6,566.6,1.0,1,1,1
18668000,259.7,567.0,1.0,1,1,1
18672000,259.9,567.5,1.0,1,1,1
18676000,260.0,568.5,1.0,1,1,1
18680000,259.9,568.5,1.0,1,1,1
18684000,259.8,568.4,1.0,1,1,1
18688000,259.5,568.6,1.0,1,1,1
18692000,259.2,568.7,1.0,1,1,1
18696000,259.2,568.8,1.0,1,1,1
18700000,259.1,568.6,1.0,1,1,1
18704000,259.0,568.5,1.0,1,1,1
18708000,261.6,568.7,1.0,2,2,2
18712000,264.2,568.5,1.0,2,2,2
18716000,269.4,568.4,1.0,2,2,2
18720000,305.9,560.8,1.0,2,2,2
18724000,359.8,531.0,1.0,2,2,2
18728000,426.9,497.8,1.0,2,2,2
18732000,487.5,466.2,1.0,2,2,2
18736000,533.8,442.6,1.0,2,2,2
18740000,577.5,426.0,1.0,2,2,2
18744000,625.7,395.4,1.0,2,2,2
18748000,679.0,373.1,1.0,2,2,2
18752000,727.7,357.6,1.0,2,2,2
18756000,771.3,331.9,1.0,2,2,2
18760000,813.5,315.8,1.0,2,2,2
18764000,836.7,299.6,1.0,2,2,2
18768000,859.7,287.6,1.0,2,2,2
18772000,869.7,281.8,1.0,2,2,2
18776000,879.7,283.7,1.0,2,2,2
18780000,881.0,285.9,1.0,2,2,2
18785000,884.5,290.1,1.0,2,2,2
18789000,892.9,291.2,1.0,2,2,2
18793000,900.2,291.6,1.0,2,2,2
18797000,902.4,291.2,1.0,2,2,2
18801000,902.1,290.8,1.0,2,2,2
18805000,901.9,290.2,1.0,2,0,1
18809000,900.8,290.1,1.0,2,1,1
18813000,897.6,290.7,1.0,1,1,1
18817000,895.1,291.2,1.0,1,1,1
18820000,893.8,292.9,1.0,1,1,1
18824000,892.6,294.1,1.0,1,1,1
18828000,892.7,296.0,1.0,1,1,1
18832000,892.8,296.4,1.0,1,1,1
18836000,893.2,296.8,1.0,1,1,1
18840000,893.2,297.3,1.0,1,1,1
18844000,893.1,297.3,1.0,1,1,1
18848000,892.7,298.5,1.0,1,1,1
18852000,892.4,298.6,1.0,1,1,1
18856000,892.5,298.5,1.0,1,1,1
18860000,892.7,298.4,1.0,1,1,1
18864000,892.4,298.2,1.0,1,1,1
18868000,892.1,298.1,1.0,1,1,1
18872000,892.2,298.1,1.0,1,1,1
18876000,892.3,298.3,1.0,1,1,1
18880000,892.7,297.7,1.0,1,1,1
18884000,892.6,297.4,1.0,1,1,1
18888000,892.8,297.3,1.0,1,1,1
18892000,892.4,297.3,1.0,1,1,1
18896000,892.7,297.3,1.0,1,1,1
18900000,893.0,298.3,1.0,1,1,1
18904000,893.1,299.4,1.0,1,1,1
18908000,893.3,301.9,1.0,1,1,1
18912000,896.3,302.4,1.0,1,1,1
18916000,894.9,304.4,1.0,1,4,1
18920000,893.6,305.5,1.0,1,4,1
18924000,889.5,305.7,1.0,1,4,1
18928000,888.4,306.4,1.0,1,4,1
18932000,888.0,307.1,1.0,4,4,4
18936000,888.0,309.5,1.0,4,4,4
18940000,888.1,313.1,1.0,4,4,4
18944000,888.2,314.8,1.0,4,4,4
18948000,888.3,316.6,1.0,4,4,4
18952000,899.4,393.0,1.0,4,4,4
18956000,906.7,440.0,1.0,4,4,4
18960000,908.4,451.8,1.0,4,4,4
18964000,910.3,463.6,1.0,4,4,4
18968000,912.0,475.4,1.0,4,4,4
18972000,913.9,487.2,1.0,4,4,4
18976000,913.9,487.2,1.0,4,4,4
18980000,0.0,0.0,0.0,4,4,4
18984000,0.0,0.0,0.0,4,4,4
18988000,0.0,0.0,0.0,4,4,4
18992000,0.0,0.0,0.0,4,4,4
18996000,0.0,0.0,0.0,4,4,4
19000000,0.0,0.0,0.0,4,4,4
19004000,0.0,0.0,0.0,4,4,4
19008000,0.0,0.0,0.0,4,4,4
19012000,0.0,0.0,0.0,4,4,4
19016000,0.0,0.0,0.0,4,4,4
19020000,0.0,0.0,0.0,4,4,4
19024000,0.0,0.0,0.0,4,4,4
19028000,0.0,0.0,0.0,4,4,4
19032000,788.6,407.5,1.0,4,4,4
19036000,788.7,407.4,1.0,4,4,4
19040000,787.5,399.6,1.0,4,4,4
19044000,786.4,391.8,1.0,4,4,4
19048000,784.0,376.3,1.0,4,4,4
19052000,779.4,345.3,1.0,4,4,4
19055000,777.6,315.2,1.0,4,4,4
19059000,774.3,293.3,1.0,4,4,4
19063000,769.9,274.7,1.0,4,4,4
19067000,766.3,256.7,1.0,4,4,4
19071000,763.6,244.1,1.0,4,4,4
19075000,763.4,244.1,1.0,4,4,4
19079000,763.3,244.9,1.0,4,4,4
19083000,763.4,245.7,1.0,4,4,4
19088000,763.4,246.1,1.0,4,4,4
19092000,763.3,246.1,1.0,4,4,4
19096000,763.1,246.1,1.0,4,4,4
19100000,762.9,247.1,1.0,4,4,4
19104000,761.6,247.7,1.0,4,4,4
19108000,761.7,248.2,1.0,4,4,4
19112000,761.7,248.7,1.0,4,4,4
19116000,761.7,248.7,1.0,4,4,4
19120000,752.4,261.7,1.0,4,4,4
19124000,752.1,264.2,1.0,4,4,4
19128000,752.9,269.4,1.0,4,4,4
19132000,754.4,275.4,1.0,4,4,4
19136000,755.2,275.4,1.0,4,4,4
19140000,755.7,275.9,1.0,4,4,4
19144000,757.6,276.4,1.0,4,4,4
19148000,759.6,277.4,1.0,4,1,4
19152000,762.6,277.5,1.0,4,1,4
19156000,764.7,277.5,1.0,1,1,1
19160000,766.0,278.6,1.0,1,1,1
19164000,766.5,278.9,1.0,1,1,1
19168000,767.0,279.0,1.0,1,1,1
19172000,767.1,279.1,1.0,1,1,1
19176000,767.1,279.1,1.0,1,1,1
19180000,768.0,279.3,1.0,1,1,1
19184000,768.3,279.5,1.0,1,1,1
19188000,768.3,279.6,1.0,1,1,1
19192000,768.3,279.7,1.0,1,1,1
19196000,768.3,279.7,1.0,1,1,1
19200000,768.2,280.0,1.0,1,1,1
19204000,768.0,279.8,1.0,1,1,1
19208000,768.3,279.7,1.0,1,1,1
19212000,768.4,279.7,1.0,1,1,1
19216000,768.5,279.7,1.0,1,1,1
19220000,769.5,279.8,1.0,1,1,1
19224000,769.8,280.2,1.0,1,1,1
19228000,769.9,280.3,1.0,1,1,1
19232000,770.0,280.5,1.0,1,1,1
19236000,770.0,280.7,1.0,1,1,1
19240000,770.0,280.9,1.0,1,1,1
19244000,770.1,282.2,1.0,1,1,1
19248000,770.1,283.5,1.0,1,1,1
19252000,770.1,284.0,1.0,1,1,1
19256000,769.8,284.4,1.0,1,1,1
19260000,770.0,285.7,1.0,1,1,1
19264000,770.2,286.2,1.0,1,1,1
19268000,770.8,286.3,1.0,1,1,1
19272000,771.0,286.2,1.0,1,1,1
19276000,771.0,286.0,1.0,1,1,1
19280000,771.0,285.6,1.0,1,1,1
19284000,770.9,285.1,1.0,1,1,1
19288000,770.7,284.9,1.0,1,1,1
19292000,770.4,284.8,1.0,1,1,1
19296000,768.8,286.6,1.0,2,2,2
19300000,745.4,285.5,1.0,2,2,2
19304000,694.3,283.9,1.0,2,2,2
19308000,621.8,279.0,1.0,2,2,2
19312000,562.8,273.2,1.0,2,2,2
19316000,526.4,270.2,1.0,2,2,2
19320000,504.8,271.2,1.0,2,2,2
19324000,489.5,272.5,1.0,2,2,2
19328000,495.0,276.8,1.0,2,2,2
19332000,500.6,277.7,1.0,2,2,2
19336000,503.7,278.7,1.0,2,2,2
19340000,502.9,280.9,1.0,2,2,2
19344000,502.1,282.7,1.0,2,2,2
19348000,477.1,285.0,1.0,2,2,2
19352000,470.0,286.0,1.0,2,2,2
19356000,466.6,287.3,1.0,2,2,2
19360000,465.8,288.8,1.0,2,2,2
19364000,467.4,290.5,1.0,1,1,1
19368000,468.9,292.4,1.0,1,1,1
19372000,472.2,294.8,1.0,1,1,1
19376000,472.5,295.2,1.0,1,1,1
19380000,472.6,295.5,1.0,1,1,1
19384000,472.2,296.0,1.0,1,1,1
19388000,471.8,296.5,1.0,1,1,1
19392000,471.0,297.3,1.0,1,1,1
19396000,470.1,297.7,1.0,1,1,1
19400000,469.5,298.4,1.0,1,1,1
19404000,469.3,298.5,1.0,1,1,1
19408000,469.3,298.3,1.0,1,1,1
19412000,468.9,298.2,1.0,1,1,1
19416000,468.9,297.8,1.0,1,1,1
19420000,468.4,297.2,1.0,1,1,1
19424000,468.0,295.7,1.0,1,1,1
19428000,467.9,296.0,1.0,1,1,1
19432000,467.9,296.2,1.0,1,1,1
19436000,467.4,296.9,1.0,1,1,1
19440000,467.0,297.2,1.0,1,1,1
19444000,466.8,297.5,1.0,1,1,1
19448000,466.6,297.7,1.0,1,1,1
19453000,466.5,297.6,1.0,1,1,1
19457000,466.4,297.6,1.0,1,1,1
19461000,466.4,297.6,1.0,1,1,1
19465000,465.7,297.6,1.0,1,1,1
19469000,465.5,297.8,1.0,1,1,1
19473000,465.6,298.0,1.0,1,1,1
19477000,465.8,299.0,1.0,1,1,1
19481000,466.0,299.4,1.0,1,1,1
19485000,466.1,299.9,1.0,1,1,1
19486000,466.3,300.2,1.0,1,1,1
19490000,466.5,300.4,1.0,1,1,1
19494000,466.2,300.4,1.0,1,1,1
19498000,465.9,302.2,1.0,1,1,1
19502000,465.8,303.4,1.0,1,1,1
19506000,465.8,303.5,1.0,1,1,1
19510000,465.8,303.3,1.0,1,1,1
19514000,465.8,303.2,1.0,1,1,1
19522000,465.8,303.6,1.0,1,1,1
19526000,465.8,304.1,1.0,1,1,1
19530000,465.7,305.2,1.0,1,1,1
19534000,465.4,305.1,1.0,1,1,1
19538000,465.1,305.4,1.0,1,1,1
19542000,464.6,305.4,1.0,1,1,1
19546000,464.0,305.5,1.0,1,1,1
19550000,463.8,305.7,1.0,1,1,1
19553000,463.5,305.7,1.0,1,1,1
19557000,463.5,305.6,1.0,1,1,1
19561000,463.5,305.5,1.0,1,1,1
19565000,463.8,305.5,1.0,1,1,1
19569000,463.9,305.5,1.0,1,1,1
19573000,463.9,305.7,1.0,1,1,1
19577000,463.9,306.3,1.0,1,1,1
19581000,464.1,306.6,1.0,1,1,1
19585000,464.3,306.6,1.0,1,1,1
19588000,464.3,306.7,1.0,1,1,1
19592000,464.3,307.5,1.0,1,1,1
19596000,464.5,307.6,1.0,1,1,1
19600000,464.8,307.7,1.0,1,1,1
19604000,464.6,307.7,1.0,1,1,1
19608000,464.9,307.7,1.0,1,1,1
19612000,465.2,307.2,1.0,1,1,1
19616000,465.9,307.1,1.0,1,1,1
19620000,465.9,306.9,1.0,1,1,1
19624000,466.0,306.6,1.0,1,1,1
19628000,466.3,306.6,1.0,1,1,1
19632000,466.6,306.5,1.0,1,1,1
19636000,466.7,306.5,1.0,1,1,1
19640000,466.5,306.6,1.0,1,1,1
19644000,466.3,306.7,1.0,1,1,1
19648000,466.4,307.6,1.0,1,1,1
19653000,466.3,307.5,1.0,1,1,1
19657000,466.3,307.5,1.0,1,1,1
19661000,466.3,307.5,1.0,1,1,1
19665000,466.3,307.4,1.0,1,1,1
19669000,466.2,307.7,1.0,1,1,1
19673000,466.6,308.0,1.0,1,1,1
19677000,466.5,308.1,1.0,1,1,1
19681000,466.5,308.2,1.0,1,1,1
19685000,465.4,309.2,1.0,1,1,1
19688000,458.8,314.3,1.0,2,2,2
19692000,429.3,329.4,1.0,2,2,2
19696000,376.2,359.8,1.0,2,2,2
19700000,309.2,409.9,1.0,2,2,2
19704000,259.8,451.3,1.0,2,2,2
19708000,230.2,488.9,1.0,2,2,2
19712000,217.3,497.0,1.0,2,2,2
19716000,213.5,496.4,1.0,2,2,2
19720000,215.3,496.4,1.0,2,2,2
19724000,217.3,489.2,1.0,2,2,2
19728000,223.8,482.4,1.0,2,2,2
19732000,224.1,479.9,1.0,2,2,2
19736000,215.5,490.2,1.0,2,2,2
19740000,206.9,500.5,1.0,2,1,2
19744000,200.2,512.7,1.0,2,1,2
19748000,200.5,521.5,1.0,1,1,2
19752000,201.1,523.7,1.0,1,1,1
19756000,203.5,523.9,1.0,1,1,1
19760000,208.2,524.4,1.0,1,1,1
19764000,209.1,523.8,1.0,1,1,1
19768000,210.0,522.3,1.0,1,1,1
19772000,210.0,522.1,1.0,1,1,1
19776000,209.8,522.7,1.0,1,1,1
19780000,209.8,523.3,1.0,1,1,1
19784000,209.8,524.6,1.0,1,1,1
19789000,209.7,525.9,1.0,1,1,1
19793000,209.8,527.6,1.0,1,1,1
19797000,210.7,527.8,1.0,1,1,1
19801000,211.7,528.1,1.0,1,1,1
19805000,212.9,527.9,1.0,1,1,1
19809000,213.2,528.1,1.0,1,1,1
19813000,214.6,528.2,1.0,1,1,1
19817000,214.8,528.3,1.0,1,1,1
19821000,214.8,528.3,1.0,1,1,1
19825000,214.8,528.4,1.0,1,1,1
19829000,214.7,528.8,1.0,1,1,1
19833000,214.8,529.2,1.0,1,1,1
19837000,215.3,529.1,1.0,1,1,1
19841000,215.9,529.2,1.0,1,1,1
19845000,215.9,528.9,1.0,1,1,1
19849000,215.9,529.1,1.0,1,1,1
19853000,216.5,529.3,1.0,1,1,1
19857000,216.7,529.1,1.0,1,1,1
19861000,216.4,528.9,1.0,1,1,1
19865000,216.3,528.6,1.0,1,1,1
19869000,216.4,528.4,1.0,1,1,1
19873000,216.4,528.3,1.0,1,1,1
19877000,216.4,528.3,1.0,1,1,1
19881000,216.3,528.3,1.0,1,1,1
19885000,216.1,528.3,1.0,1,1,1
19889000,216.0,529.2,1.0,1,1,1
19893000,215.9,529.4,1.0,1,1,1
19897000,212.6,532.5,1.0,1,1,1
19901000,209.3,534.5,1.0,1,1,1
19905000,201.7,540.0,1.0,1,1,1
19909000,201.2,544.2,1.0,1,1,1
19913000,202.7,546.4,1.0,1,1,1
19917000,204.5,544.1,1.0,1,1,1
19921000,207.3,542.0,1.0,1,1,1
19925000,207.6,539.2,1.0,1,1,1